5.22256
1.09315
4.49061
1.12772
2.88486
1.65224
6.00457
1.0848
1.67608
0.463724
0.388622
1.33395
4.93884
1.09792
1.16348
0.510216
0.565052
19.4681
0.600815
8.67128
1.20044
5.62549
0.684261
15.4543
0.997782
1.55807
1.39832
1.09076
1.74761
0.480413
0.0309944
1.36256
1.13487
0.709295
0.94533
1.76191
18.6181
0.79751
0.598431
1.38164
0.941753
1.12057
4.69089
1.03951
1.50561
1.42217
0.580549
0.498295
1.53065
1.64747
0.813007
3.35217
13.5899
0.907183
1.32918
0.836849
1.44005
1.38044
1.46747
1.2958
5.42045
0.423193
1.64986
4.94599
0.926256
1.18017
0.540018
0.386238
2.03609
0.567436
0.427961
1.76311
8.4424
16.9301
1.15156
0.548363
5.43833
6.53863
7.59244
0.739098
1.35183
3.74198
1.17421
1.45555
11.5705
1.9455
1.4019
2.99096
1.09792
0.741482
0.315905
1.36614
1.09673
1.02758
0.669956
0.383854
0.652075
1.23739
3.53456
3.73363
3.71218
0.89407
16.8967
6.31928
3.83019
4.38809
7.15494
5.1713
17.8862
16.7215
9.48191
6.56843
0.870228
0.623465
2.47002
9.12309
1.72257
13.9785
0.777245
3.80874
1.14441
0.549555
0.355244
2.03848
1.70946
10.8778
6.40988
1.23382
6.36339
0.383854
8.67963
0.555515
5.62906
0.704527
1.52826
0.538826
0.544786
0.348091
1.32799
0.351667
0.573397
2.51055
1.37568
0.59247
0.325441
1.297
0.942945
1.10984
0.555515
0.377893
1.4019
0.464916
0.805855
0.523329
1.42574
1.56879
1.49131
0.778437
0.565052
2.01941
1.63198
0.641346
5.0211
14.1954
1.95861
0.537634
0.882149
1.66297
0.810623
0.529289
0.677109
0.494719
0.566244
0.767708
0.395775
1.53303
2.67506
1.45674
1.47104
0.644922
1.61171
0.557899
0.675917
1.04904
2.08616
1.09196
0.841618
0.433922
2.07663
1.31488
1.899
0.795126
0.475645
2.14577
1.07288
15.9788
7.10845
0.787973
0.457764
1.17064
0.519753
1.49727
0.853539
18.1639
0.911951
1.43766
1.38283
0.685453
6.25372
0.725985
1.16825
7.83682
1.12295
1.16229
8.56042
1.15633
1.97649
1.02162
19.2702
0.653267
0.655651
0.79155
1.33634
10.3152
0.878572
0.971556
1.51038
1.34826
0.494719
0.379086
1.13726
17.9684
0.991821
1.09315
0.708103
0.653267
0.733137
9.35078
1.63913
0.593662
0.479221
5.42879
11.2224
1.33991
0.866652
1.63674
1.13487
0.509024
16.0754
2.17199
18.7874
7.689
14.3874
0.597239
0.712872
0.478029
0.424385
1.36375
6.76394
0.938177
0.7689
1.25051
1.37568
0.355244
0.596046
0.648499
0.346899
0.84877
0.400543
2.29597
2.27928
0.63777
7.32422
0.790358
1.04308
0.466108
0.350475
1.51157
8.76188
0.64373
0.511408
1.63078
1.13368
0.324249
0.909567
1.4925
0.454187
0.391006
0.404119
0.343323
0.753403
2.55346
0.538826
1.06573
1.12057
0.58651
0.367165
0.807047
1.28269
1.10388
0.587702
0.543594
3.2258
0.565052
1.55091
1.32203
12.4085
0.318289
0.776052
1.05619
0.641346
0.605583
0.748634
0.916719
1.01089
0.742674
0.497103
9.73582
0.796318
0.870228
0.867844
1.53303
0.506639
0.333786
0.373125
6.03914
0.64373
0.51856
1.64151
0.376701
0.523329
1.51753
0.681877
1.39236
11.2343
0.857115
0.954866
0.338554
0.938177
1.09196
0.631809
0.53525
0.412464
2.90513
1.19448
0.388622
9.94325
0.878572
0.411272
0.590086
0.686646
0.587702
1.04308
1.83225
1.22786
1.00136
1.36495
1.50204
0.959635
1.26481
0.663996
8.04067
0.605583
1.6129
1.7488
0.404119
0.638962
0.405312
0.617504
0.963211
1.14918
0.685453
0.380278
1.20401
3.11017
3.97205
0.885725
0.487566
0.339746
1.07169
3.59178
0.82612
0.932217
0.553131
0.355244
1.26362
0.687838
1.3113
4.85659
1.05739
1.06454
0.654459
0.377893
1.12653
7.22885
0.915527
1.02878
0.519753
0.427961
1.28388
10.5047
0.926256
1.03951
0.520945
0.371933
1.20044
6.40631
0.779629
0.917912
0.501871
0.374317
1.10745
10.9076
0.827312
0.94533
0.529289
0.327826
1.07527
7.75099
0.807047
0.879765
0.528097
0.383854
1.04785
8.09073
0.828505
0.927448
0.513792
0.324249
1.11818
7.38621
1.66655
0.888109
0.441074
0.30756
0.988245
8.18968
0.807047
0.933409
0.451803
0.318289
1.10507
6.8891
0.811815
0.869036
0.476837
0.314713
1.20163
11.1341
0.805855
0.939369
0.450611
0.31352
1.05858
9.64522
0.82612
0.963211
0.456572
0.3016
1.01328
6.56247
0.823736
0.895262
0.559092
0.320673
1.12057
7.43866
0.858307
0.896454
0.442266
0.320673
1.40429
13.237
0.94533
0.92268
0.448227
0.389814
1.14799
7.25985
0.849962
0.908375
3.44992
0.331402
1.1003
6.53982
0.821352
0.870228
0.506639
0.332594
1.06573
6.73532
0.807047
0.916719
0.529289
0.345707
1.0848
9.01341
0.844002
0.886917
0.491142
0.332594
1.07169
6.35982
0.809431
0.907183
0.487566
0.346899
1.50681
4.70757
0.79155
0.904799
0.487566
0.318289
1.10984
4.47869
0.857115
0.896454
0.452995
0.337362
1.07169
8.41022
0.830889
0.860691
0.530481
0.351667
1.09076
4.33207
0.859499
0.920296
0.455379
0.33021
1.0848
6.76632
1.62721
0.982285
0.751019
0.33617
1.0848
6.99401
0.785589
0.870228
0.442266
0.329018
1.07884
4.36306
0.839233
0.901222
0.464916
0.357628
1.08719
6.23465
0.808239
0.878572
0.466108
0.331402
1.07169
7.48754
0.829697
0.929832
0.450611
0.33021
1.13606
4.57287
0.847578
0.904799
0.443459
0.314713
1.11461
0.892878
0.995398
0.516176
0.324249
1.18136
7.72595
0.950098
1.03474
0.486374
0.323057
1.1766
4.52399
0.907183
1.06573
0.519753
0.333786
1.16587
6.65665
0.921488
1.05619
0.520945
0.362396
1.15514
7.02024
0.790358
1.04547
0.475645
0.342131
1.15156
4.28915
0.804663
0.905991
0.520945
0.343323
1.0705
7.15256
0.816584
0.888109
0.500679
0.342131
1.11103
6.40392
0.809431
0.895262
0.466108
0.338554
1.08719
4.13895
0.816584
0.888109
0.491142
0.333786
1.04904
6.87838
0.810623
0.919104
0.447035
0.348091
1.09076
6.65069
0.814199
0.905991
0.482798
0.352859
1.06931
7.15852
0.833273
0.889301
0.445843
0.331402
1.05023
8.6391
0.782013
0.927448
0.460148
0.334978
1.09911
4.4167
1.00732
0.907183
0.51856
0.362396
1.31488
4.69565
0.849962
1.21236
0.553131
0.332594
1.21713
11.0555
1.14918
1.10865
0.524521
0.348091
1.37925
5.10097
0.789165
1.17898
0.507832
0.343323
1.16825
10.5464
0.846386
1.83582
0.447035
0.329018
1.1766
16.3746
1.02878
1.03474
0.737906
0.346899
1.29461
5.77807
2.36988
0.957251
0.593662
0.333786
1.1766
4.85539
0.801086
0.982285
0.488758
0.333786
1.22547
4.50492
0.853539
1.00493
0.513792
1.34945
1.11818
9.65595
0.914335
0.908375
0.526905
0.362396
1.64628
7.23124
0.802279
1.10388
0.559092
0.346899
1.19567
4.97818
0.79751
1.03593
0.452995
0.388622
2.14696
4.58717
0.927448
1.08004
0.594854
0.368357
1.1313
4.24385
0.809431
0.916719
0.582933
0.35882
7.20501
1.13368
1.21117
0.734329
0.33617
1.2362
7.81655
0.888109
0.915527
0.582933
0.38147
1.22905
6.63161
0.817776
1.04785
0.619888
0.340939
1.29104
9.56178
0.399351
1.22786
0.482798
0.498295
0.549555
0.383854
1.30653
7.28607
1.79887
1.31011
0.644922
0.399351
1.68443
6.60896
1.055
0.994205
0.523329
0.401735
10.5047
13.1965
5.68032
1.20401
0.493526
0.374317
1.26958
4.47869
5.38826
0.917912
0.54121
0.367165
1.38402
8.77857
0.807047
1.1301
0.499487
0.360012
4.3273
0.882149
1.01805
0.526905
0.354052
1.17183
1.05381
1.00493
0.474453
0.54121
1.40905
4.78387
0.923872
1.266
0.692606
0.555515
1.13249
4.53115
0.793934
0.883341
0.439882
0.333786
1.15275
4.49419
0.798702
0.888109
0.582933
0.343323
1.08123
4.18782
0.849962
0.911951
0.431538
0.325441
1.71661
0.43869
4.59075
0.778437
0.920296
0.463724
0.375509
1.07288
4.41313
0.839233
1.23501
0.466108
0.337362
1.52588
4.5085
0.910759
1.01805
0.488758
0.363588
1.18136
7.12156
0.878572
0.890493
0.457764
0.67234
0.33021
4.18901
1.055
0.971556
0.456572
0.350475
1.23382
5.43475
1.02162
0.960827
0.482798
0.323057
1.25647
4.20928
0.984669
0.942945
0.491142
0.324249
1.25766
4.26173
1.00136
0.989437
0.457764
0.324249
1.21355
4.02212
0.991821
0.931025
0.439882
0.368357
1.25647
4.24027
1.02401
0.935793
0.493526
0.350475
1.18732
6.77586
0.970364
0.934601
0.509024
0.354052
1.18256
7.33018
1.00017
0.977516
0.501871
0.342131
1.19448
6.78539
1.00374
0.958443
0.43869
0.333786
1.30057
4.16756
1.02282
0.938177
0.510216
0.345707
1.31845
9.53794
0.997782
0.971556
0.493526
0.399351
1.26004
1.18732
0.966787
0.526905
0.352859
1.27316
4.39882
1.08123
0.962019
0.474453
0.326633
1.45316
6.34432
1.19328
1.00493
0.449419
0.371933
1.3411
4.8089
1.00136
1.71781
0.482798
0.382662
1.25289
4.13775
1.19925
0.967979
5.02229
0.355244
1.28269
4.19378
0.997782
0.911951
0.451803
0.356436
1.25289
4.24504
1.01328
0.944138
0.443459
0.420809
1.1766
7.89523
1.14441
0.944138
0.567436
0.317097
1.20997
4.3273
1.05262
1.05262
0.470877
0.339746
1.30296
4.57764
0.971556
0.959635
0.510216
0.352859
1.21713
4.32849
0.9799
0.95129
0.520945
0.354052
1.27673
4.41909
0.970364
0.970364
0.469685
0.402927
1.34706
5.56588
0.995398
0.954866
0.939369
0.33617
1.28746
5.62429
1.00136
1.03354
0.491142
0.337362
1.35064
5.5337
1.12295
1.08123
0.56386
0.340939
1.29461
4.23074
1.07408
1.10626
0.454187
0.365973
1.30057
5.39541
1.10388
1.02401
0.500679
0.340939
1.33991
4.18782
2.35915
1.06335
0.457764
0.340939
1.28746
6.74367
1.1301
1.05739
0.501871
0.386238
1.4317
4.11987
1.12653
1.10388
0.560284
0.38147
1.33395
4.14252
1.266
1.09315
0.523329
0.399351
1.37568
1.10626
1.19567
0.917912
0.383854
2.02417
5.11527
1.02997
1.14918
0.699759
0.354052
1.31011
4.78983
0.985861
1.05143
0.474453
0.333786
1.23978
4.7946
1.00493
3.00527
0.48399
0.325441
1.508
6.83188
1.19567
1.08957
0.575781
0.377893
1.40905
6.45041
1.15752
1.26123
0.759363
0.385046
1.43886
5.08666
1.09673
1.09553
0.68903
0.391006
1.48535
5.91397
1.03474
1.27554
0.523329
0.33021
1.50919
6.38366
1.08361
1.07527
0.650883
0.344515
1.48654
5.1403
1.24574
11.0722
1.08838
0.537634
0.478029
1.66416
5.00083
0.959635
5.87821
0.482798
0.35882
1.3411
5.11885
1.18494
1.15871
0.504255
0.455379
1.41978
5.5933
1.32442
1.22309
0.514984
0.382662
1.48535
10.5703
1.12891
0.956059
0.525713
0.350475
1.27077
7.35998
1.09076
1.10269
0.532866
0.340939
1.35541
8.48889
1.08123
1.09076
0.481606
0.368357
1.38164
4.32134
1.09553
1.11103
0.655651
0.407696
1.36018
6.84857
1.14083
1.02282
0.458956
0.332594
1.50084
4.19021
0.988245
1.01686
0.534058
0.338554
1.21117
4.75287
1.00374
1.02997
0.567436
0.33021
1.25527
8.61168
1.04666
1.02639
0.56386
0.319481
1.32203
5.21541
1.05739
1.15514
0.482798
0.318289
1.24097
4.22001
1.0252
0.959635
0.487566
0.299215
1.2958
4.1759
1.00017
0.978708
0.504255
0.340939
1.23978
4.63009
1.07408
1.0097
0.476837
0.363588
1.28984
4.66824
1.01566
0.984669
0.507832
0.340939
1.21832
3.97325
0.998974
0.933409
0.519753
0.340939
1.20759
4.04
1.00493
0.977516
0.619888
0.388622
1.55568
5.27382
1.10507
0.965595
0.452995
0.346899
1.2219
4.22716
0.976324
1.12414
0.510216
0.344515
1.28984
5.43594
1.08957
1.06215
0.537634
0.343323
1.34826
4.59075
1.09076
1.06931
0.510216
0.342131
1.36256
4.15206
1.09553
1.05977
0.760555
0.320673
1.37091
4.21882
1.15156
1.0407
0.486374
1.28984
11.6992
0.995398
1.03354
1.11818
0.684261
1.8096
1.51157
1.44839
0.683069
1.60217
0.927448
1.01686
4.84943
0.48399
0.427961
1.26839
7.61747
1.03831
1.03235
0.525713
0.367165
1.25527
7.48992
1.00017
1.01805
0.439882
0.361204
1.31607
7.87616
1.32799
3.09706
0.571012
0.368357
5.78642
7.11799
1.29223
1.01447
0.451803
0.306368
1.37806
8.13365
1.03235
0.991821
0.36478
0.613928
1.57118
0.464916
0.600815
0.582933
0.380278
0.357628
0.748634
0.389814
1.59383
7.95841
1.15156
1.48535
0.485182
0.450611
0.714064
1.59979
0.662804
0.371933
1.51634
0.333786
0.444651
1.48416
8.37326
1.00255
1.15395
0.56982
11.9901
9.8896
1.4174
0.511408
0.578165
0.371933
1.51753
0.590086
1.48416
7.8249
1.13964
1.01447
1.1456
0.367165
1.62959
0.63777
0.400543
1.42455
10.9828
1.20521
1.44482
0.545979
0.402927
4.44412
10.5619
1.10626
1.10626
0.536442
0.375509
1.33872
6.54936
1.11341
1.06096
0.481606
0.38743
1.45912
6.51956
1.6284
2.25067
0.503063
0.418425
1.3721
4.4775
1.07527
0.975132
0.488758
0.394583
1.25051
4.07338
0.990629
0.941753
0.435114
0.321865
1.48773
5.06878
1.13606
1.07408
0.48399
0.388622
1.34706
6.32524
1.11222
1.06335
0.551939
0.368357
1.297
6.37054
1.10865
1.06812
0.481606
0.38147
1.35541
4.48942
1.13726
1.09076
0.486374
0.422001
1.3566
6.63042
1.12057
1.12295
0.485182
0.413656
1.39952
4.5383
1.13487
1.07646
0.480413
0.389814
1.36495
7.25985
1.05262
1.20521
0.590086
0.393391
1.32084
6.92844
1.1301
1.0705
0.545979
0.394583
1.36018
4.38571
1.14083
1.08242
0.529289
0.420809
1.36375
4.38452
1.12653
1.09792
0.51856
0.395775
1.3423
6.65903
1.59979
1.07765
0.520945
0.399351
1.19686
9.81808
4.54307
1.0407
1.04308
0.391006
1.09911
10.4642
0.829697
1.05858
0.584126
0.407696
1.07408
8.69036
0.872612
1.09553
0.503063
0.377893
1.19925
7.06077
0.857115
0.969172
0.457764
0.305176
1.07884
4.05192
0.827312
0.915527
2.29716
0.332594
1.09792
8.18372
0.780821
1.16825
0.510216
0.345707
1.06692
4.57406
0.799894
0.903606
0.503063
0.36478
1.10984
4.30584
0.814199
0.869036
0.655651
0.332594
1.09911
4.36068
0.824928
0.926256
0.442266
0.380278
1.10626
4.20809
0.828505
0.913143
0.504255
0.346899
1.02878
3.98755
0.813007
0.915527
0.506639
0.352859
1.04904
4.0555
0.860691
0.914335
0.514984
0.33617
1.08957
4.22835
0.834465
0.857115
0.454187
0.329018
1.06454
17.2138
0.984669
1.00017
0.602007
0.346899
1.18017
6.68764
0.915527
0.997782
0.472069
0.33021
1.18375
4.22716
0.896454
1.05262
0.498295
0.355244
1.18494
4.49777
0.907183
0.972748
0.486374
0.334978
1.16229
13.3812
0.904799
1.00732
0.475645
0.33617
1.05619
9.32932
0.966787
0.988245
0.551939
0.393391
1.1003
4.29869
0.813007
0.92864
0.456572
0.329018
1.09792
4.26888
0.853539
0.95129
0.458956
0.337362
1.08957
6.29306
0.889301
0.903606
0.48399
0.340939
1.04189
4.09961
0.830889
0.904799
0.525713
0.362396
1.08361
4.11987
0.82016
0.904799
0.485182
0.362396
1.0848
5.15342
0.82612
1.66535
0.977516
1.62601
8.73208
0.838041
1.43051
0.903606
0.323057
1.36852
4.87924
3.80635
0.873804
0.46134
0.339746
1.12176
6.62446
0.822544
5.41449
0.474453
0.350475
1.15156
5.11765
1.70112
0.966787
0.497103
0.342131
1.24693
4.37498
0.99659
0.902414
0.466108
0.349283
1.1766
5.00679
8.69393
0.932217
5.8949
0.325441
1.11222
5.69105
0.92268
1.00851
0.529289
0.365973
1.17898
6.68883
0.911951
1.01328
0.636578
0.383854
1.14441
4.15206
0.939369
1.05262
0.454187
0.339746
1.18732
6.92725
0.950098
1.03712
0.493526
0.33021
1.17183
4.34875
0.9799
1.04547
0.514984
0.333786
1.18613
4.24385
0.908375
0.988245
0.525713
0.369549
1.1611
5.02706
2.73108
1.04308
0.463724
0.388622
1.12772
4.50253
1.02878
0.519753
0.324249
1.14918
4.24623
0.948906
0.998974
0.5126
0.362396
1.27316
4.21762
0.932217
1.08242
0.578165
0.382662
1.2362
4.51684
0.926256
1.03235
0.556707
0.382662
1.30653
4.68612
0.909567
0.993013
0.551939
0.333786
1.0848
4.41909
0.776052
1.03712
0.600815
0.392199
1.25766
6.16312
0.784397
0.897646
5.91278
0.332594
1.06931
7.63059
0.809431
0.892878
0.510216
0.352859
1.16825
4.65035
0.809431
1.79172
0.48995
0.365973
1.11818
17.5893
0.841618
0.885725
0.43273
0.343323
1.37448
6.40988
1.15156
2.16842
0.702143
0.33617
1.38402
15.0812
1.05739
1.05858
1.05023
0.352859
1.32918
4.80175
0.929832
0.902414
0.486374
0.324249
1.06215
8.2016
0.964403
1.96815
0.547171
0.345707
1.0705
5.14984
0.956059
1.05262
0.460148
0.340939
1.3721
5.17368
1.01209
1.0407
0.607967
0.342131
1.2362
6.67453
3.43204
1.13845
0.947714
0.356436
0.362396
1.4472
6.83665
1.8096
1.1456
8.9395
0.362396
1.53303
4.74572
1.10269
0.966787
0.63777
0.327826
1.27792
4.27842
1.0252
0.9799
0.479221
0.36478
1.32203
4.54187
1.11461
0.321865
0.386238
1.50204
5.01037
1.20163
0.964403
0.600815
0.343323
1.28746
4.30942
1.12534
1.03116
0.488758
0.338554
1.27554
4.28915
1.04904
4.47273
0.650883
0.394583
1.35541
5.76377
1.15752
1.05262
0.448227
0.332594
1.21117
7.54118
1.00732
0.971556
0.479221
0.886917
1.27316
4.10318
1.055
0.972748
0.46134
0.333786
1.27196
4.31895
0.989437
0.977516
0.501871
0.344515
1.21474
6.36101
0.983477
0.936985
0.488758
0.342131
1.20759
4.06981
0.983477
0.929832
0.429153
0.351667
1.20521
4.03285
0.962019
2.02775
0.537634
0.342131
1.08123
4.17709
0.811815
0.897646
0.450611
0.354052
1.15514
4.33207
0.867844
0.908375
0.452995
0.344515
1.06931
7.15256
0.824928
0.901222
0.454187
0.350475
1.10626
4.11987
0.860691
0.909567
0.43869
0.324249
1.08123
6.23226
1.45435
0.873804
0.503063
0.317097
1.19567
4.25696
0.902414
0.994205
0.497103
0.318289
1.18256
5.36919
0.913143
1.01566
0.478029
0.312328
1.21951
4.85897
0.991821
1.05143
0.472069
0.374317
1.16229
6.59466
0.946522
1.0407
0.46134
0.380278
1.16348
4.29392
0.966787
3.05772
0.491142
0.388622
1.21236
4.48465
0.824928
0.872612
0.529289
0.36478
1.22309
4.36068
0.936985
1.02878
0.511408
0.388622
1.22786
4.36664
0.935793
1.01805
0.500679
0.388622
1.25289
4.15087
0.959635
1.00255
0.507832
0.386238
1.21832
4.12703
0.989437
0.994205
0.505447
0.376701
1.26123
4.25577
0.92864
1.02162
0.549555
0.399351
1.21832
4.16279
0.965595
1.0252
0.505447
0.383854
1.21117
4.18782
0.969172
1.02043
0.530481
0.413656
1.23024
4.1759
0.910759
0.907183
0.448227
0.344515
1.06454
6.49095
0.936985
0.982285
0.550747
0.375509
1.17898
4.25816
0.804663
0.965595
0.531673
0.342131
1.18256
10.0768
0.813007
0.902414
0.53525
0.348091
1.03474
4.19974
2.81692
0.926256
0.524521
0.337362
1.14918
6.6793
0.830889
1.14083
0.499487
0.463724
1.13487
6.53863
0.964403
1.00732
0.500679
0.343323
1.13249
6.32882
0.965595
1.00613
0.525713
0.352859
1.39952
8.46863
0.958443
1.01447
0.493526
0.351667
1.17183
5.48482
0.911951
1.0097
1.1611
0.339746
1.10626
4.71234
0.821352
0.866652
0.447035
0.362396
1.09434
5.15699
0.846386
0.941753
0.554323
0.340939
1.07646
6.37174
0.809431
0.885725
0.450611
0.339746
1.10388
4.07457
0.82016
0.944138
0.493526
0.337362
1.0705
5.11885
0.811815
0.940561
0.470877
0.662804
1.1158
7.12037
0.82016
0.897646
0.528097
0.337362
1.09315
4.15444
2.17319
0.879765
0.458956
0.319481
1.04308
4.30465
0.828505
1.80006
0.470877
0.321865
1.08242
4.01855
0.802279
0.849962
0.470877
0.332594
1.06573
5.07951
0.814199
0.950098
0.530481
0.340939
1.055
4.29273
0.841618
0.87738
0.454187
0.342131
1.10626
4.09961
0.824928
0.97394
0.499487
0.346899
1.05858
5.15103
0.998974
0.903606
0.505447
0.345707
1.11938
4.07696
0.847578
0.954866
0.493526
0.339746
1.1003
3.97921
0.807047
0.907183
0.505447
0.331402
1.82629
4.14371
0.818968
0.903606
0.505447
0.337362
0.481606
0.487566
0.584126
5.59688
1.46508
1.42813
1.3876
0.497103
1.85728
0.95129
1.08123
0.544786
0.418425
1.28388
8.03471
1.02997
1.1301
0.452995
0.338554
1.09673
8.62598
0.816584
0.891685
0.531673
0.340939
1.18256
6.49571
0.953674
1.03593
0.480413
0.346899
1.18375
6.95229
0.807047
0.976324
0.456572
0.327826
1.08242
6.58989
0.818968
0.929832
0.464916
0.342131
1.0705
8.93712
0.793934
1.12414
0.455379
0.340939
1.05739
10.4964
0.79155
0.898838
0.451803
0.323057
1.01924
6.4683
0.773668
0.892878
0.509024
0.305176
1.03712
7.73191
0.817776
0.947714
0.501871
0.305176
1.04785
7.07746
0.803471
0.92268
3.10779
0.333786
1.33991
7.64251
0.861883
0.876188
0.497103
0.303984
1.19925
6.55413
0.861883
1.10626
0.452995
1.14441
9.28283
0.846386
1.03116
0.531673
0.371933
1.16229
6.46114
0.929832
1.00851
0.5126
0.375509
1.13606
8.60214
1.00017
1.09076
0.554323
1.07169
1.22309
6.48499
0.910759
1.01209
0.472069
0.362396
1.18136
6.80208
0.941753
1.15514
0.472069
0.386238
1.25051
6.62208
1.18613
1.02043
0.482798
0.492334
1.19925
5.39541
0.952482
1.00374
0.56982
0.7689
1.23143
7.78079
8.25047
4.88162
0.950098
0.969172
0.48399
0.373125
1.13845
7.57217
0.827312
1.02997
0.553131
0.542402
0.308752
1.15037
5.98192
0.983477
1.01089
0.599623
0.457764
1.10865
9.11117
0.90003
0.960827
0.544786
0.30756
1.07646
9.11474
0.964403
1.06096
0.609159
0.325441
1.1003
5.76258
0.870228
1.03354
0.573397
0.514984
1.57237
12.2142
1.4782
0.995398
0.610352
0.326633
1.09673
0.994205
0.9799
0.556707
0.344515
1.09553
6.01411
0.99659
1.08004
0.602007
0.324249
1.2064
5.1415
0.778437
0.934601
0.480413
0.315905
1.03354
7.00831
0.840425
0.934601
0.538826
0.311136
1.07646
4.75764
0.84877
0.890493
0.520945
0.305176
1.03831
8.05736
0.84877
0.896454
0.530481
0.309944
1.01209
7.69019
0.822544
1.43528
0.485182
0.405312
1.32442
4.33445
0.977516
0.9799
0.479221
0.396967
1.53303
7.51615
0.944138
1.00732
0.499487
0.382662
1.16229
6.4075
0.909567
0.976324
0.485182
0.383854
1.81437
4.66943
1.02401
0.997782
0.493526
0.368357
1.14799
6.11544
0.911951
1.04189
0.485182
0.379086
1.14322
6.23822
0.839233
0.882149
0.667572
0.318289
1.21951
6.9046
0.952482
1.09553
0.550747
0.407696
1.02878
7.9906
0.817776
0.920296
0.448227
0.33021
1.02162
4.16636
0.861883
0.962019
0.587702
0.326633
1.07169
5.2011
0.870228
0.970364
0.542402
0.382662
1.15633
6.63042
1.12414
1.00136
0.519753
0.394583
1.16825
4.18425
1.28388
1.06215
0.538826
0.407696
1.22547
6.78062
0.967979
1.33038
0.500679
0.398159
1.20401
4.57287
0.936985
1.06096
0.498295
0.413656
1.20759
4.40955
1.00851
1.03593
0.506639
0.385046
1.15752
4.27365
0.939369
1.22428
0.500679
0.408888
1.22309
4.4179
0.932217
1.01089
0.472069
0.392199
1.21474
8.24213
0.936985
1.03951
0.538826
0.388622
1.17779
6.49214
0.830889
0.921488
0.455379
0.319481
1.05619
5.60045
1.05381
1.09911
0.540018
0.317097
1.05381
4.33803
0.855923
1.01924
0.456572
0.30756
1.20282
5.22137
0.796318
0.905991
0.532866
0.337362
1.05739
5.34415
0.882149
0.972748
0.543594
0.363588
1.13368
7.11203
0.989437
0.977516
0.520945
0.348091
1.07408
4.08649
2.16246
0.911951
0.451803
0.362396
1.12653
6.14762
0.847578
0.913143
0.442266
0.342131
1.0705
4.22001
0.813007
0.921488
0.452995
0.332594
1.09673
4.3416
0.829697
0.936985
0.448227
0.348091
1.06454
6.27756
0.858307
1.01209
0.500679
0.371933
1.19925
4.1759
0.988245
0.917912
0.468493
0.343323
1.2207
4.35233
0.852346
0.932217
0.460148
0.342131
1.07527
4.12464
0.857115
0.927448
0.823736
0.340939
1.16229
6.82116
8.19683
0.966787
0.536442
0.367165
1.05739
9.23872
1.12414
0.927448
0.830889
0.338554
1.06692
7.09057
0.934601
0.948906
0.495911
0.345707
1.08719
7.90119
0.860691
0.939369
0.448227
0.344515
1.04308
4.40001
0.824928
0.905991
0.616312
0.343323
5.16415
7.74026
0.997782
1.26839
0.624657
0.306368
10.4117
5.83172
0.940561
0.976324
0.638962
0.375509
1.28627
4.91738
1.35183
1.62721
2.2769
0.374317
1.13368
4.52161
0.946522
1.14322
0.455379
0.342131
1.98007
6.40988
0.82016
1.53899
0.454187
0.333786
1.12534
4.20928
1.73926
0.908375
0.463724
0.343323
1.06692
6.43969
1.28388
0.876188
0.464916
0.337362
1.08838
4.25696
0.962019
0.988245
0.472069
0.332594
1.20282
4.27127
0.952482
0.941753
0.492334
0.338554
1.2064
5.44071
0.884533
0.963211
0.520945
0.383854
1.13368
4.07457
0.931025
0.983477
0.530481
0.346899
1.17898
4.42505
0.915527
1.00017
0.536442
0.396967
1.297
5.16891
0.960827
0.982285
0.51856
0.389814
1.12891
4.28796
0.852346
0.919104
0.443459
0.350475
1.06931
4.45604
0.804663
0.838041
0.447035
0.308752
3.30806
7.05838
0.82612
0.910759
0.562668
0.326633
2.66552
5.45859
0.865459
0.957251
0.513792
0.352859
1.04427
5.32389
0.865459
0.987053
0.503063
0.318289
1.10865
5.27024
0.872612
0.985861
1.01805
0.305176
1.08004
6.86646
0.845194
1.02997
0.466108
0.321865
1.19925
4.26531
0.934601
1.02758
0.450611
0.337362
1.17302
4.98652
0.82612
1.11103
0.497103
0.315905
1.19567
5.56707
0.9799
1.02878
0.480413
0.324249
1.18375
4.18305
0.975132
1.02878
0.545979
0.401735
1.23501
4.43816
0.839233
0.92268
0.475645
0.33021
1.09315
4.15444
2.65837
1.00255
0.56982
0.308752
1.08719
7.10607
0.896454
1.01328
0.609159
0.382662
2.40684
5.12004
0.809431
0.916719
0.903606
0.369549
1.25647
6.75917
0.958443
1.055
1.18375
0.374317
1.04904
4.56095
0.889301
0.87142
0.828505
0.318289
1.08123
5.1868
0.846386
1.14799
0.531673
0.319481
1.04785
5.35965
0.859499
0.97394
0.504255
0.319481
1.055
5.38826
1.04904
0.967979
0.499487
0.31352
1.25408
4.37617
0.833273
0.883341
0.475645
0.303984
1.10507
5.28216
0.888109
0.938177
0.506639
0.33617
1.08838
5.13673
0.914335
2.07067
0.497103
0.343323
1.01209
7.3874
0.929832
0.984669
0.537634
0.323057
1.10984
5.70178
0.886917
0.981092
0.529289
0.343323
1.12295
5.79715
0.948906
1.0705
0.721216
0.420809
1.03831
15.2946
0.852346
1.04189
4.81606
0.38147
1.33872
4.84228
5.89252
0.890493
0.38743
1.17898
8.67605
0.89407
0.933409
0.610352
0.41008
1.04904
4.45962
6.76394
0.939369
0.500679
0.31352
1.05858
5.69701
0.82612
0.931025
0.575781
0.325441
1.19209
4.37856
0.941753
1.01328
0.551939
0.308752
1.27077
4.81606
1.02162
1.05262
0.572205
0.38147
2.60472
5.16295
0.927448
1.21713
19.9604
0.412464
1.33634
5.43118
1.02282
1.13487
0.475645
0.405312
1.18732
7.75456
0.919104
1.05619
0.458956
0.375509
1.13368
7.76052
0.916719
1.0407
0.464916
0.368357
1.17302
4.24385
0.903606
0.997782
0.487566
0.379086
1.21474
5.61714
0.931025
1.24454
0.480413
0.377893
1.19686
4.24385
0.92864
1.00613
0.547171
0.448227
1.1003
8.48293
0.936985
1.16825
0.633001
0.553131
1.18136
0.909567
1.14083
0.53525
0.514984
1.40548
5.25475
0.962019
1.03593
0.48995
0.376701
1.26243
5.66125
0.921488
1.01805
0.495911
0.365973
1.06812
5.45263
0.944138
1.03593
0.48399
0.323057
1.16467
5.47051
0.936985
1.02878
0.562668
0.363588
1.25408
6.2263
0.92864
1.1313
0.482798
0.399351
1.25766
8.1408
0.915527
0.981092
0.562668
0.406504
1.75238
6.52671
1.08957
1.09434
0.503063
0.368357
1.2207
6.74605
0.909567
1.02282
0.474453
0.38147
1.80244
15.1241
0.801086
0.896454
0.609159
0.380278
1.02997
8.92401
2.71559
1.03354
0.524521
0.311136
1.16229
5.71489
0.876188
1.08361
0.567436
0.323057
1.17779
5.67198
1.78099
2.17795
0.565052
3.40939
1.24693
1.61171
0.767708
1.34468
0.635386
0.383854
1.08838
4.32491
0.851154
0.898838
0.503063
0.315905
1.10269
4.44531
0.859499
0.904799
0.466108
0.33617
1.0252
5.6529
0.818968
1.80125
0.503063
0.299215
0.87738
0.89407
1.41382
0.542402
0.548363
0.685453
1.38283
0.430346
1.29223
1.5533
0.890493
0.940561
1.46747
8.69989
1.05619
4.64678
0.567436
1.46508
15.8453
2.30312
0.663996
1.18852
1.10626
2.76923
0.678301
0.4673
0.647306
1.08957
0.79751
1.36852
1.30892
1.03951
1.96934
0.89407
0.600815
1.43528
17.8397
0.584126
2.92778
0.801086
0.981092
0.931025
0.462532
0.612736
1.67608
0.354052
1.51038
8.37684
0.350475
0.481606
1.20401
1.18494
11.8053
2.94924
1.58668
1.03831
0.585318
0.604391
1.01089
0.0631809
0.323057
2.34485
0.388622
1.67131
1.26958
1.03593
4.25339
2.68102
1.53899
2.24352
1.2362
0.350475
0.4673
0.7236
0.630617
2.35558
4.71711
0.517368
0.68903
0.411272
1.10984
0.559092
0.4673
0.953674
1.2064
0.808239
1.51396
0.627041
1.50561
0.697374
0.729561
0.375509
0.431538
6.95229
0.355244
10.7193
0.481606
0.500679
2.44498
1.02639
0.863075
1.50919
1.07765
0.998974
0.625849
0.618696
0.710487
1.30177
0.857115
0.703335
1.02997
1.28627
8.59499
0.425577
6.90699
10.2592
0.699759
0.697374
0.816584
1.0252
0.642538
1.43766
1.21713
0.733137
4.29273
0.715256
0.880957
0.412464
0.858307
1.20401
2.17795
0.451803
1.13606
5.64337
1.49608
0.612736
0.631809
1.21236
0.772476
1.90854
1.60217
0.604391
0.536442
0.473261
1.84655
10.3295
6.11782
2.32935
0.401735
1.3721
0.491142
1.19686
1.09076
0.692606
0.492334
1.37806
7.58767
1.12295
1.1754
0.903606
1.80602
1.00493
1.53303
0.517368
1.29938
3.03388
0.866652
0.756979
2.57254
7.56502
5.42283
5.08428
4.30346
0.79155
1.19805
7.12037
0.628233
9.41634
0.619888
0.413656
0.487566
1.16706
0.724792
1.32322
0.796318
2.01464
1.80602
1.00613
0.699759
14.8642
1.02043
1.92046
0.388622
1.58906
0.43869
1.88708
0.754595
0.470877
0.644922
0.412464
1.64151
14.9143
1.30296
1.45912
0.629425
0.422001
1.61767
13.2763
1.3411
1.43051
0.572205
0.444651
1.58191
14.3564
1.04666
0.367165
1.51634
0.41008
0.580549
0.374317
1.47104
13.2322
1.22547
1.26958
0.590086
0.355244
1.53899
14.056
1.24931
1.41263
3.28302
0.417233
1.59383
19.4871
0.811815
0.568628
7.38382
2.10643
0.652075
1.01566
1.81437
1.26481
1.22547
0.662804
0.481606
1.23143
1.87755
0.913143
0.779629
2.84195
1.39356
0.772476
0.575781
0.751019
1.01328
4.03166
1.34826
0.696182
0.547171
1.06335
0.7689
1.72377
1.05739
10.1388
1.54376
1.32203
0.650883
0.966787
0.940561
4.95434
0.585318
1.83702
0.33021
2.00868
8.54969
0.375509
0.64373
1.39117
1.60098
6.49452
0.543594
1.10984
0.462532
1.62959
0.448227
0.597239
1.27316
2.04325
0.337362
1.42932
1.27912
1.09315
0.625849
0.399351
1.25647
12.9831
0.734329
0.557899
0.540018
0.829697
1.5533
0.673532
1.3423
1.27435
1.64986
1.70588
0.507832
0.407696
1.43051
1.06692
0.597239
5.82337
0.532866
0.581741
0.685453
2.7597
8.11219
0.786781
0.417233
7.74026
1.27077
1.81794
0.575781
4.83274
0.389814
3.49879
0.476837
0.876188
0.652075
0.646114
1.28627
3.35336
1.56403
0.475645
8.48413
2.7287
0.634193
13.1762
2.91228
0.818968
0.603199
0.970364
0.89407
0.690222
15.9729
1.46389
2.99096
0.882149
0.404119
1.67966
10.3343
1.19448
0.414848
0.530481
0.575781
0.680685
0.727177
1.28746
0.594854
1.7786
2.99335
0.789165
0.386238
0.591278
2.76804
0.823736
0.730753
0.450611
2.67267
1.08719
1.30773
0.873804
0.729561
0.931025
0.487566
12.4168
5.59926
15.3017
1.08123
4.22716
0.374317
1.65343
0.74625
0.587702
0.425577
3.54052
1.18494
1.2064
0.54121
0.998974
0.718832
1.49131
0.667572
0.406504
2.16842
1.43647
1.21832
0.429153
0.751019
1.57475
0.617504
1.3721
1.26839
1.23143
1.48416
1.12414
2.13504
15.4078
0.485182
0.890493
13.3228
0.566244
0.839233
14.2241
0.597239
0.776052
15.8596
0.933409
1.10507
0.62108
0.476837
0.771284
1.92523
0.711679
0.555515
0.596046
0.482798
1.58906
1.70708
1.05381
0.99659
1.266
0.772476
1.55807
0.959635
0.931025
0.679493
1.08838
0.556707
6.55055
5.64337
17.0338
0.551939
3.96609
0.455379
1.80483
2.10643
1.42097
0.573397
0.469685
1.29461
0.921488
1.05143
1.77622
0.525713
0.79751
0.646114
10.1948
0.731945
0.400543
0.64373
0.423193
0.755787
3.82662
9.74894
1.07408
1.16348
0.516176
0.414848
1.52349
0.458956
0.431538
1.61886
0.43273
0.597239
0.425577
13.2513
0.642538
1.32442
0.786781
2.28286
1.53065
1.06335
0.574589
0.497103
3.71337
1.46747
2.43425
1.02997
0.61512
5.81503
0.418425
0.419617
0.581741
1.32084
0.817776
0.345707
6.28948
0.561476
1.17183
0.566244
0.729561
0.652075
0.556707
8.76188
0.545979
18.0042
0.808239
3.03745
0.418425
3.61681
0.780821
0.828505
0.388622
1.00255
0.455379
14.0929
1.14799
1.54138
7.64608
1.18971
0.457764
0.439882
1.79291
1.45435
0.412464
1.44362
1.30653
16.1672
15.6295
1.1158
0.731945
17.7896
1.99795
1.19567
1.30177
5.81264
0.5126
1.66774
15.1694
0.548363
0.435114
0.712872
12.0175
0.706911
0.909567
1.08838
0.549555
0.556707
6.30498
0.427961
0.716448
1.10388
0.38147
0.985861
1.07765
0.696182
0.575781
2.05636
1.2207
1.53065
0.486374
0.418425
1.37091
1.27554
6.4373
8.9252
0.767708
0.400543
1.73569
14.9155
2.00272
6.23345
1.15156
2.0349
1.24693
0.659227
2.59876
0.698566
0.698566
12.7053
0.895262
10.9076
1.51992
1.39952
3.67761
1.93238
1.27316
1.37925
1.63794
7.81536
1.51992
0.82016
1.02401
3.26157
1.18852
0.838041
0.573397
0.616312
6.93202
0.647306
1.30057
0.863075
1.83463
1.38402
1.30653
0.542402
0.383854
1.36971
1.40309
0.962019
0.658035
1.29104
1.23143
1.50919
0.921488
1.43647
1.28269
0.851154
0.965595
0.559092
0.394583
0.720024
1.17779
0.447035
1.46627
1.00374
1.33157
1.49012
1.33634
1.60694
5.39422
0.420809
1.1766
0.865459
4.53711
6.93679
7.91907
0.507832
0.803471
0.636578
1.83463
0.686646
2.21491
0.68903
0.836849
0.685453
0.450611
0.773668
0.585318
0.731945
0.671148
10.1805
0.56386
13.7031
0.805855
0.389814
1.62363
3.91245
1.56879
0.610352
0.622272
1.13964
1.52946
12.7995
0.722408
1.49727
0.439882
5.83649
1.05739
1.46747
0.69499
0.405312
1.60098
1.50919
1.26958
0.426769
0.789165
0.722408
1.9908
0.534058
9.73463
1.19328
9.29356
1.28984
0.677109
3.1507
1.62125
0.68903
0.377893
19.8758
1.45674
2.52843
0.380278
0.674725
0.675917
1.53899
1.22309
1.80602
1.29461
11.3797
0.466108
0.905991
0.751019
1.20997
0.382662
1.0705
1.02997
1.52707
0.622272
1.2219
0.84877
1.5521
0.386238
6.38247
11.4477
0.451803
4.70161
0.66638
0.684261
0.959635
0.623465
1.21713
13.5899
0.665188
0.724792
1.41144
1.15156
1.14083
0.607967
0.419617
4.65989
0.497103
1.56522
0.556707
0.725985
0.658035
0.422001
14.559
0.745058
5.16176
0.777245
0.631809
0.385046
0.473261
0.687838
3.41415
1.35422
1.14679
0.576973
0.414848
1.67847
1.1313
1.05381
6.87957
0.368357
9.47475
0.371933
2.1565
0.907183
0.756979
0.940561
0.970364
0.613928
1.2064
0.69499
1.00374
0.56982
0.383854
1.51873
15.1289
0.523329
1.24574
0.965595
5.94378
1.12772
0.455379
0.343323
0.400543
1.74642
9.06825
1.6892
0.984669
0.575781
3.20077
0.671148
0.497103
2.46406
1.94788
0.68903
0.771284
0.976324
0.885725
0.821352
5.59926
0.505447
1.23382
2.39253
0.700951
3.68953
1.3423
1.47939
1.6582
0.764132
0.548363
2.70605
7.61867
1.01686
1.11222
0.879765
0.532866
7.89881
10.3104
0.773668
1.14679
1.38402
1.23262
2.58088
1.10269
0.816584
0.678301
0.449419
0.785589
0.747442
2.61664
0.485182
1.5533
2.42114
2.2459
1.49965
1.43528
0.737906
1.33872
0.976324
0.972748
1.84536
4.31776
0.733137
2.10166
0.704527
0.824928
0.450611
1.06454
0.430346
1.41978
0.993013
0.68903
0.507832
1.54257
0.504255
0.756979
1.11938
2.96712
1.74046
0.550747
2.23398
1.03951
1.16825
2.46167
1.48654
9.91583
11.8279
2.52843
0.792742
9.69648
1.36018
6.62446
1.94788
0.669956
8.97646
1.36495
1.14202
4.01855
1.51634
2.42949
0.705719
7.00712
0.685453
1.28508
1.6439
0.625849
1.76191
1.72615
13.4623
1.37568
1.4472
0.79751
0.588894
2.90036
1.22905
3.44872
1.66655
0.431538
0.722408
0.573397
1.66535
1.1301
2.47002
0.530481
0.463724
1.08838
1.21713
1.57475
1.21117
0.827312
0.935793
0.495911
0.931025
0.79751
0.462532
1.56403
0.598431
1.44839
2.50697
1.07884
0.858307
1.03593
4.66228
1.83225
1.36375
1.03116
0.818968
1.56522
0.418425
0.406504
0.439882
2.05398
19.3393
1.16944
1.45435
0.646114
0.476837
1.71304
0.439882
1.25647
1.4472
1.49012
1.47223
1.14799
5.17011
1.22786
0.752211
0.460148
1.48416
2.11
1.26362
1.45555
3.05533
0.479221
0.940561
0.7689
2.52247
1.3864
1.99676
0.685453
0.530481
3.07083
0.630617
2.14219
1.15633
1.2207
1.57595
0.629425
1.95265
0.864267
0.550747
0.7236
2.02537
0.777245
1.92642
13.3586
1.37687
0.581741
1.70708
1.24335
2.47955
0.460148
1.04666
1.17302
0.519753
0.472069
1.70231
0.79155
1.38402
1.05262
1.23143
0.441074
0.823736
0.758171
0.540018
1.60933
1.93834
0.46134
0.696182
19.8591
2.06351
0.597239
0.803471
0.534058
2.09689
11.0984
1.42217
8.92639
1.06096
6.53267
0.392199
0.685453
2.72632
0.524521
5.35011
0.503063
1.35779
0.770092
1.88708
1.45674
1.29104
1.38283
18.6908
1.16348
0.764132
0.681877
1.47462
1.15037
0.565052
0.883341
0.520945
0.472069
6.93321
1.09673
1.05977
0.466108
1.688
1.61529
1.49488
1.83702
0.733137
0.53525
1.33276
0.730753
0.557899
0.758171
0.84877
1.65224
0.747442
5.20945
1.03951
1.64986
1.1611
2.48313
0.889301
0.635386
0.829697
0.773668
0.700951
0.495911
1.54257
1.64509
1.5974
0.742674
0.61512
5.16534
0.846386
1.58906
1.4329
5.25475
0.793934
0.554323
2.04802
1.45435
1.27077
0.790358
1.23739
1.08719
0.59247
0.814199
0.524521
1.86443
1.42217
1.32203
0.706911
0.561476
2.80738
1.47939
0.493526
4.02808
0.522137
1.71423
3.44515
0.43273
11.7099
1.03831
4.29511
0.700951
0.62108
0.702143
0.574589
3.33428
1.47223
1.11461
6.05941
5.34654
1.4174
3.91364
8.65579
0.680685
0.787973
0.400543
1.20282
0.832081
1.09553
3.24488
0.824928
4.0257
0.679493
1.17779
19.6123
0.575781
1.06692
0.584126
1.06096
16.6798
0.594854
1.07169
7.45416
0.575781
1.27435
3.11375
