1.03116
0.660419
2.52843
11.1639
1.17064
2.03371
3.90887
1.36614
1.62363
0.790358
0.650883
1.74284
1.3721
2.23398
1.54853
1.97291
1.77145
0.678301
7.59721
2.16246
10.9744
1.03474
1.42336
0.813007
2.77519
0.939369
0.693798
1.57475
0.509024
0.649691
0.686646
0.892878
0.884533
0.580549
12.449
0.767708
0.638962
0.571012
1.12534
1.34826
0.745058
2.31147
0.485182
1.06692
14.1656
1.24931
2.64883
17.5452
1.30057
1.5223
0.737906
0.454187
1.90258
1.73926
18.3117
0.796318
0.880957
1.63674
1.0097
0.74029
1.59383
0.724792
0.830889
1.90496
1.70588
0.857115
0.587702
2.321
6.51717
1.02878
0.758171
18.5192
1.40905
1.49846
0.994205
15.1134
1.28269
0.838041
0.571012
2.2316
1.52111
1.51873
2.84433
0.976324
1.56641
0.685453
1.10984
0.684261
5.20349
10.2806
2.06947
1.15037
1.47462
0.905991
0.507832
0.755787
0.878572
1.38879
1.61052
1.81437
0.954866
1.44243
1.41025
0.537634
0.634193
0.942945
0.686646
1.25527
1.03712
0.529289
1.35899
5.21779
0.576973
11.512
1.54018
1.07765
0.832081
0.611544
1.93357
1.0097
1.7345
1.51515
1.21832
2.58684
2.44617
1.23858
0.854731
0.852346
0.635386
14.3683
1.03354
0.852346
17.4105
1.9598
0.607967
15.6951
1.95861
1.35899
2.54393
1.21593
2.95043
1.11103
0.816584
6.01172
2.05874
1.8239
1.09315
0.841618
4.42743
2.27213
0.897646
0.669956
0.872612
0.790358
9.1815
1.45912
1.5223
2.99454
6.7699
7.27892
2.69771
1.71423
2.22325
17.9279
1.297
0.944138
0.492334
1.77622
1.47104
1.72257
0.811815
1.84655
0.946522
0.756979
1.49608
1.99556
1.45793
1.66297
0.845194
6.91175
1.85609
1.77145
0.840425
6.82831
1.58072
1.48892
0.838041
1.48535
1.45674
0.805855
0.607967
2.4724
3.44157
2.45214
1.13726
1.38164
0.487566
1.89543
1.05739
0.822544
1.78695
1.49965
1.12057
3.97086
1.78456
1.66178
0.771284
1.00613
0.594854
1.96099
0.537634
2.32458
0.9799
1.19805
8.66055
0.654459
0.671148
1.63794
2.03133
2.77638
3.20554
0.593662
0.838041
0.813007
0.765324
0.940561
10.0529
2.76566
0.925064
1.21713
0.58651
0.859499
0.84877
1.09911
1.19925
0.507832
0.68903
0.557899
1.1456
1.53661
1.72377
0.849962
0.963211
2.58803
1.68562
2.30432
1.56641
0.795126
0.787973
2.58565
0.709295
2.26259
7.27057
1.43409
0.882149
0.972748
0.616312
1.74046
1.71781
0.770092
0.516176
1.82986
0.466108
3.43323
0.978708
1.88828
1.97411
0.762939
2.03609
14.5733
0.500679
2.48075
1.90139
1.31726
0.885725
2.20537
0.693798
1.86443
1.96457
0.714064
0.59247
1.89781
0.630617
1.72853
2.79784
2.3818
1.65582
0.787973
0.534058
4.22359
1.22666
6.19769
1.06692
0.859499
0.449419
1.41501
8.76665
1.07169
3.85642
0.602007
0.443459
1.33753
0.784397
3.76821
5.31077
19.0842
0.374317
0.355244
5.40137
0.753403
8.4126
0.824928
3.84569
1.35899
1.00613
1.45674
0.447035
2.48671
2.16246
15.5413
0.802279
1.00374
1.01209
1.00851
1.9598
0.954866
0.821352
1.88351
7.7939
1.46508
1.688
0.855923
0.630617
1.85728
10.0017
0.940561
0.658035
15.4984
1.48535
1.46985
3.48449
0.978708
2.99811
0.977516
2.9099
2.85029
4.20332
2.23637
0.984669
1.83582
1.53303
0.95129
0.646114
2.50459
1.74761
16.5284
0.966787
1.1003
1.56641
4.71711
6.54936
2.54154
0.909567
0.430346
1.15633
1.77264
1.51873
1.23143
5.0056
1.55449
1.77979
1.39236
1.93596
2.27809
1.56879
7.59959
2.96474
2.24233
2.04325
4.8697
19.052
1.60813
1.72973
0.884533
3.8588
13.5124
0.704527
3.77774
3.57866
2.62737
2.32697
2.16126
5.40614
8.986
0.832081
1.78933
2.3222
12.8567
6.11901
2.16722
2.3818
0.622272
0.755787
2.69651
0.946522
8.38399
3.02315
3.69906
7.32422
12.0091
4.45962
3.26157
4.8244
10.066
9.05871
3.78132
12.393
18.2474
0.765324
1.87397
18.6884
4.39525
2.5177
18.6205
2.53916
8.97527
2.36154
8.02755
5.14865
7.38025
1.8847
8.58188
2.22087
3.89457
1.82986
1.33157
1.9145
5.43833
2.36392
9.89318
8.24213
8.39949
1.60813
5.17368
1.5676
1.72257
3.86357
2.84076
11.0745
1.50681
0.931025
0.617504
3.58343
1.61409
0.590086
2.04444
0.801086
1.297
0.810623
2.95877
6.23941
1.66655
12.5062
1.03354
1.63078
4.36664
1.61171
1.68681
11.524
0.616312
11.0161
1.21474
1.21832
7.04527
19.5336
2.04325
2.33889
1.02997
1.57952
4.06861
0.790358
12.5206
0.976324
2.03133
0.964403
7.4029
2.85745
3.3915
7.92027
1.5974
0.709295
16.3877
8.57115
0.544786
4.57525
1.57356
0.891685
0.705719
0.766516
0.910759
1.87874
1.00613
0.720024
4.87208
10.3593
14.8451
4.37498
0.648499
0.605583
2.49267
1.03712
1.28984
3.70622
0.840425
7.35283
1.60098
1.42813
2.47955
2.18272
1.67847
1.34468
5.70655
1.49012
1.02282
0.665188
0.611544
1.16706
0.633001
4.5228
3.59416
1.2064
1.46508
4.42266
1.67608
2.49147
0.839233
0.514984
0.908375
0.836849
0.58651
1.70827
3.17454
1.48892
1.37329
0.633001
2.99335
1.33753
1.96218
2.13265
1.18613
6.25253
1.71423
1.69277
1.51396
0.560284
1.93954
0.981092
0.764132
1.07408
0.675917
3.36051
11.8232
3.29852
1.85132
1.09553
0.63777
1.67012
8.77142
1.02043
7.17163
1.86324
1.31726
1.59025
1.40309
1.71542
0.926256
0.824928
1.44124
1.44243
1.86324
0.575781
0.617504
1.07527
1.38283
1.77503
2.95639
3.04937
1.34349
0.622272
1.40429
0.817776
0.762939
8.64387
1.36733
0.947714
0.911951
2.04682
1.78933
1.77503
1.41025
1.87516
1.34349
0.967979
2.64883
0.649691
0.793934
1.45197
0.815392
2.03967
0.529289
1.41501
11.9436
0.872612
3.60727
0.901222
1.8394
0.849962
3.05295
2.01464
1.50323
0.891685
3.07322
1.61052
1.50323
3.04699
5.03898
1.09315
0.603199
2.01464
10.2746
1.70112
1.77026
0.971556
0.985861
1.67131
3.08037
1.18256
0.567436
1.59621
9.58681
1.69516
9.22084
2.32458
4.26412
1.56641
3.51787
1.11222
0.648499
14.7951
1.10626
1.57237
2.37465
0.87142
1.58429
1.96218
1.18017
0.921488
1.70231
1.59979
1.33038
1.24693
1.70708
0.835657
0.931025
0.610352
2.91944
2.26259
1.31011
2.52247
5.10454
0.709295
0.782013
11.0328
2.51174
8.16941
3.83139
2.37703
7.83563
1.95503
2.97427
2.65718
2.44021
11.9007
3.52144
1.71304
1.11341
1.71423
2.2161
7.84039
1.91927
1.87397
11.5502
1.68681
1.89185
2.66075
3.39627
1.79172
1.86682
2.29239
1.39236
1.3113
1.12534
2.32339
1.09434
1.51992
1.49846
3.89457
0.857115
2.87652
1.96099
0.834465
1.07288
1.80364
2.2316
6.05345
1.62363
12.9592
3.96729
1.36495
0.853539
10.5476
1.7333
0.947714
2.15173
2.77638
2.51293
0.725985
2.13981
1.5986
1.64747
2.10762
1.00017
0.534058
6.55651
1.75714
1.76191
0.936985
0.537634
2.08139
6.47187
1.61529
1.92761
1.31965
0.597239
3.01719
6.23941
1.4782
1.69992
0.983477
0.536442
1.87635
6.62565
1.44482
1.46985
1.38998
1.46389
1.86682
1.98007
1.74403
1.61052
4.72426
1.44124
14.0417
1.37091
1.44362
0.753403
0.524521
2.0957
1.32084
1.3423
0.784397
0.499487
1.60694
12.0723
1.20521
1.32203
0.724792
0.568628
1.58072
12.0258
1.17183
1.33157
0.785589
0.511408
1.63078
18.6825
1.23382
1.34706
0.835657
0.499487
1.61648
12.3096
1.22547
1.31726
0.79751
0.534058
1.74522
12.6004
1.44839
1.56641
0.847578
0.5126
4.26531
15.6939
1.74403
1.72138
0.92864
0.545979
1.95503
11.8291
1.2207
1.30534
0.773668
0.503063
1.58429
15.1658
1.25527
1.27435
0.733137
0.5126
1.57833
13.1619
1.26243
1.66059
0.844002
0.507832
1.60217
12.0199
3.3617
1.34349
0.712872
0.46134
1.54138
10.4451
1.19925
2.29239
0.803471
0.704527
1.96815
13.4492
1.61052
1.75953
2.6989
0.606775
2.20537
18.6288
3.00884
1.55687
0.958443
1.5223
2.07067
13.2036
1.75118
1.5986
2.48909
0.669956
8.74043
8.36611
1.23143
0.69499
1.85609
9.31501
1.22786
1.38998
0.814199
0.599623
2.11239
13.2143
1.21713
1.34468
0.745058
0.752211
12.0616
12.908
1.26839
1.5223
0.838041
0.537634
1.75834
7.7045
1.26243
1.39475
0.89407
0.531673
1.62721
12.0139
1.27435
1.38402
0.803471
0.536442
1.68085
1.39475
1.54853
0.853539
1.1754
0.752211
0.668764
7.60198
0.981092
0.61512
0.520945
0.802279
2.15054
12.7745
2.20418
1.61529
0.863075
0.598431
2.3973
10.525
1.24097
1.32322
0.789165
0.510216
1.82748
10.6299
2.92301
1.79052
0.940561
0.699759
3.40104
1.5533
1.688
0.708103
0.506639
1.7345
13.3169
1.37091
1.55568
0.79155
0.509024
1.9145
7.09891
1.4317
1.43528
0.712872
0.48399
1.91808
11.2104
1.33038
1.4019
1.18971
0.522137
1.85847
7.16448
1.36137
1.43528
0.911951
0.528097
1.94073
7.0405
1.36137
2.83122
0.716448
0.573397
2.24948
14.2765
1.39832
1.44958
0.778437
0.503063
1.88828
17.2532
1.35064
3.17097
0.845194
0.520945
2.21729
14.4339
1.75714
15.9287
0.807047
0.514984
1.78456
12.331
1.3864
1.79768
1.15991
0.516176
2.13742
12.4967
1.48058
1.76907
0.972748
0.488758
2.54393
7.31468
1.64628
1.62721
1.14202
0.764132
2.32697
1.68204
1.60813
0.716448
0.519753
1.97291
7.27296
1.68324
1.42932
0.804663
0.901222
1.83225
11.6003
1.45674
1.43886
0.736713
0.572205
4.60029
13.2203
1.51515
3.08156
0.808239
0.516176
1.77979
6.97732
1.35899
1.4329
0.779629
0.522137
1.96099
7.6735
1.3566
1.49608
0.795126
0.485182
1.71065
12.4991
1.50442
1.44005
0.7236
0.469685
1.70946
7.11679
1.3566
1.42574
0.729561
0.474453
1.78814
6.8593
1.4329
1.44482
0.710487
0.474453
2.1112
7.3278
1.59383
1.65582
0.789165
0.590086
1.88351
10.9839
1.49131
1.43886
0.74029
0.596046
2.38299
7.74622
1.59264
1.70112
0.829697
0.616312
2.03371
7.14421
1.67012
1.70231
0.956059
0.641346
1.92046
9.31978
1.37687
2.86937
0.715256
0.474453
2.22683
7.72953
1.56283
1.75357
0.902414
1.16825
2.18511
1.64747
1.73569
0.863075
0.696182
2.1863
8.15392
1.8096
1.69277
0.808239
0.594854
2.14815
12.7375
7.16567
2.05159
1.18136
0.600815
2.31385
11.8089
1.899
0.805855
0.602007
2.01106
7.93457
1.48535
1.62721
0.959635
0.602007
1.96338
14.714
1.53303
1.67489
0.84877
0.611544
1.98722
7.9143
1.54018
1.67608
0.860691
0.649691
1.95622
9.19223
1.52588
1.61409
0.840425
0.59247
5.17249
15.6403
1.41978
1.57237
0.790358
0.764132
1.99318
12.8019
1.36375
1.49608
0.834465
0.58651
1.81079
7.40647
1.43647
1.53303
0.849962
0.574589
1.77979
11.2164
1.37329
1.54495
0.74625
0.553131
1.85609
9.46522
1.44005
13.932
4.11034
0.646114
2.23637
10.0136
1.37687
1.53184
0.79751
0.565052
1.87516
7.72357
1.37091
1.52826
0.989437
0.648499
2.53797
12.3894
1.51396
1.5533
1.06573
0.649691
1.99556
10.7729
1.33991
1.44362
10.3939
0.511408
2.72512
8.27909
4.09961
1.50561
0.956059
0.634193
3.82066
10.7634
1.44839
1.50084
0.870228
0.596046
2.19941
9.82761
1.62482
1.70469
0.866652
0.613928
2.34127
8.63791
1.65462
1.8084
0.905991
0.633001
2.36154
8.95619
1.89424
1.72734
0.888109
1.19925
2.87175
9.95398
1.78456
1.86801
0.879765
5.97358
2.16722
8.05974
1.72615
1.80364
0.795126
0.519753
3.43561
8.37922
1.4782
1.53422
0.863075
0.836849
2.29001
19.6004
2.94328
1.55449
0.798702
0.555515
19.9521
15.1968
1.76191
1.79052
0.840425
0.551939
2.26259
13.2406
7.93695
1.84298
1.1766
0.507832
9.00626
1.82867
2.5785
0.905991
0.605583
2.24829
9.10878
1.76907
1.76311
0.789165
0.557899
1.89304
10.1912
1.83821
1.62005
0.876188
0.590086
2.06709
12.4419
1.56999
1.57118
0.962019
0.681877
2.27809
8.322
1.83463
2.13623
0.888109
0.551939
4.13775
13.1726
1.3566
1.56999
1.20163
0.511408
2.17319
8.19921
1.60694
1.74642
1.96099
0.730753
2.25782
16.4747
1.60933
1.65582
0.709295
0.48399
1.94788
7.03692
1.46389
17.9088
1.02878
0.646114
2.54393
9.0766
1.78218
1.82152
1.16348
0.668764
2.4724
9.52005
2.26617
2.11358
1.05858
0.681877
2.27094
16.1266
2.73585
1.99795
1.13726
0.705719
4.13775
1.92285
2.04802
1.44482
0.674725
3.61085
12.3405
3.39866
2.88486
0.991821
0.71764
3.09825
11.5061
1.7488
1.7345
1.03354
0.610352
2.23041
8.50558
1.93357
1.70588
1.45555
1.12653
2.32935
14.2419
1.86443
2.63929
1.00374
0.61512
2.27332
18.5168
1.83821
1.72615
1.03831
0.617504
2.51055
11.3332
1.83821
2.37465
0.982285
0.624657
3.60727
9.24587
2.77758
1.5986
1.1301
0.579357
2.60472
11.4775
8.71181
2.20656
0.953674
0.718832
2.45929
17.4487
1.96934
1.83702
1.30296
0.554323
3.01123
10.9923
2.08259
2.78831
12.5015
0.745058
2.57373
12.238
1.63674
2.23637
1.28031
0.627041
2.77519
19.6719
2.09689
2.18868
1.91927
0.663996
2.39372
11.2689
1.68324
3.19004
1.16467
0.623465
2.98738
10.519
1.90854
2.17438
1.02639
0.773668
2.78592
10.7944
2.07424
8.65221
1.24097
0.628233
3.21269
11.3964
1.62482
1.67608
0.935793
0.649691
1.91689
10.3021
6.12974
1.00255
0.503063
2.29359
10.6227
3.73363
1.55449
0.82612
0.66638
1.93119
9.53197
1.4472
1.63794
1.11818
0.596046
2.84553
12.1903
1.99914
1.84655
1.09196
0.587702
3.31163
10.8778
2.58803
2.54989
1.49012
0.706911
3.33309
12.0413
1.4472
1.74522
1.00255
1.24693
2.30908
8.78692
1.33038
1.51157
0.828505
0.572205
1.70588
9.97066
1.46508
1.5676
3.91126
0.733137
1.85251
16.3627
1.43409
1.99914
1.01566
0.612736
2.14934
9.15766
1.58191
2.19107
1.31607
2.43068
10.9446
1.28865
0.902414
1.90139
1.90973
1.94788
1.41978
0.543594
1.92761
11.0435
1.56164
1.93477
0.836849
0.776052
2.40326
10.6168
1.55449
1.58668
1.52826
1.14202
2.07305
13.0999
2.45452
2.07305
1.02639
0.741482
1.97768
8.59976
1.38998
1.78576
1.10745
0.547171
2.42114
8.94666
1.44124
1.91092
1.55687
0.685453
2.51651
14.9739
1.70112
2.20895
1.508
0.561476
2.77638
8.47459
1.59502
1.71781
0.953674
0.993013
2.04086
12.1605
1.62125
1.7035
1.25647
0.566244
2.02537
14.1907
1.62125
1.82986
2.91944
0.565052
2.26736
12.3489
1.42336
1.9896
1.42813
0.647306
2.30312
18.9435
1.50561
2.65956
4.22835
0.532866
1.67131
9.72271
1.36852
1.58668
0.932217
0.520945
1.88708
10.3402
1.58906
1.99556
0.99659
0.880957
2.96354
1.63794
7.57694
0.925064
0.629425
1.75238
8.33988
1.46031
1.80483
1.60336
0.702143
2.66433
10.9613
7.28726
2.04444
1.40309
2.31147
2.43664
9.44257
1.84655
2.40564
0.971556
0.604391
2.15054
11.3904
1.34945
1.4925
0.878572
0.555515
14.6317
11.4846
2.32816
0.911951
0.559092
1.3566
5.68867
2.62976
1.89781
1.54734
1.70708
0.933409
2.94447
7.07984
1.70708
0.507832
3.82662
1.72138
1.68204
0.903606
1.18494
2.46167
2.90871
13.8545
2.46882
2.09808
1.04785
0.653267
2.31862
13.6483
1.6892
1.97887
0.793934
0.562668
2.59042
16.098
1.82629
1.88947
1.14799
0.61512
2.62856
2.60115
1.76668
1.62363
0.833273
2.94328
2.88606
5.21421
1.54972
0.597239
3.0303
16.6857
5.31197
2.85506
4.73738
0.54121
2.01702
14.0107
1.44839
1.64032
0.784397
0.576973
2.08855
14.708
1.47462
6.11663
0.895262
0.56386
2.03252
12.5682
1.49488
1.55568
0.896454
0.985861
1.94669
15.2838
1.41501
1.47939
0.809431
0.526905
2.0802
12.7125
1.86324
3.50475
0.745058
1.98126
3.24607
15.7905
2.00748
1.87278
0.936985
0.782013
2.41399
17.0064
1.91808
1.90377
1.67251
0.885725
2.40564
16.8169
2.66194
4.46439
1.46866
0.87738
3.65853
19.2153
2.6679
1.77264
0.983477
0.602007
2.54273
10.1733
6.88195
1.79768
0.860691
0.649691
2.05159
17.9386
2.16722
1.90854
0.933409
0.573397
2.46286
8.41022
1.98007
1.82271
1.56641
0.551939
2.85625
11.9245
1.86563
5.30601
1.44958
0.505447
1.97411
13.113
1.4925
1.44005
0.82612
0.5126
2.11954
10.7694
1.53184
1.4925
0.735521
0.497103
1.9753
12.4109
1.48296
1.58429
0.82612
0.53525
2.2316
14.1621
2.49267
1.84536
5.74946
0.557899
2.06947
15.5425
1.60933
1.62721
0.864267
0.565052
2.75016
1.66297
1.60456
1.37091
0.542402
2.88725
11.2927
1.62721
1.98126
0.889301
0.543594
2.25902
16.7155
1.86682
1.76907
1.25647
0.56386
2.09689
8.43048
1.63198
1.91569
0.767708
0.540018
2.09689
12.2988
1.5986
1.69873
1.51157
0.565052
2.26974
8.39949
1.64747
1.67966
1.02997
0.560284
2.37465
13.5922
1.83582
1.84655
0.783205
0.765324
2.28047
10.457
1.72615
1.71542
0.823736
0.501871
2.23994
8.22186
9.59635
3.93152
0.942945
0.787973
2.00629
12.6731
1.45435
1.5676
0.808239
0.543594
1.90139
12.1737
1.43409
1.55449
0.844002
0.71764
2.08378
12.2392
1.79768
1.6737
0.960827
0.604391
2.45452
9.79304
1.93834
1.78933
0.956059
0.497103
1.95622
1.66893
2.11477
0.784397
0.538826
2.141
12.9533
1.92523
1.84536
0.953674
0.573397
2.21968
8.28981
2.16365
0.858307
0.572205
2.6083
8.29697
1.36971
2.37346
0.710487
0.68903
2.13504
13.814
1.41263
1.61409
0.817776
0.56386
1.98603
13.2132
3.39866
1.49846
1.05023
0.622272
3.06964
8.4281
1.36256
1.508
0.673532
0.540018
1.77383
7.59602
1.55091
1.52469
0.696182
0.491142
1.83225
7.5841
1.33991
1.49369
0.704527
0.494719
1.73092
11.1461
1.71065
1.54495
0.698566
0.511408
1.8084
7.57933
1.58906
1.56879
0.853539
0.537634
1.77622
13.3681
1.33038
1.41263
0.857115
0.56982
5.85079
7.78079
1.64628
0.9799
0.681877
2.08497
1.75118
1.65224
1.46508
0.710487
4.43697
1.70588
1.71423
0.935793
0.756979
2.09928
9.48668
1.45078
1.93477
0.990629
0.579357
2.04325
8.9407
2.27809
1.78456
0.950098
0.703335
2.66314
10.637
1.82629
1.65224
0.941753
0.616312
1.76668
11.977
1.27912
1.4925
0.904799
0.964403
2.49147
16.3293
1.68562
1.78933
0.963211
0.604391
2.2161
15.4757
1.54018
1.61648
0.718832
0.511408
1.77503
13.2322
1.4627
1.71065
0.919104
0.932217
4.32014
9.42945
2.4116
1.49608
0.983477
0.531673
1.90973
10.289
1.54734
1.62721
0.95129
0.567436
2.05278
11.5919
1.49131
2.53558
1.17183
0.544786
2.20418
12.2273
1.51634
1.73569
0.934601
0.680685
2.11239
11.4965
1.64866
2.00868
1.18732
0.561476
1.7345
13.7389
1.63317
1.64747
0.920296
0.641346
1.82867
10.6919
1.38402
1.72377
0.966787
0.684261
2.47955
9.18984
1.62125
14.4982
15.0442
0.597239
2.11477
8.32796
2.14934
2.41756
1.06215
0.593662
2.19703
12.4013
1.60575
2.24113
1.30057
0.659227
2.8491
17.3795
2.01344
2.01702
0.845194
0.67234
2.30074
12.6302
1.95742
3.48926
1.35899
0.522137
5.82218
9.67383
1.59264
1.9598
0.874996
0.612736
3.41773
10.2651
2.00272
3.18885
1.80244
0.606775
2.55942
10.6144
1.80006
1.84655
0.940561
1.0252
4.97818
8.89301
1.96576
2.91467
0.976324
0.793934
2.23875
10.9565
1.78456
2.36392
0.919104
0.630617
2.77281
10.8349
2.5928
2.00152
1.51873
2.01225
2.70605
10.7133
1.87874
2.40922
0.942945
0.690222
2.91228
11.6181
1.86324
2.98619
0.958443
0.766516
2.76923
10.2735
2.80142
1.91569
1.09792
0.56386
2.68817
10.8361
1.77264
5.38111
0.903606
0.678301
2.33889
16.408
1.97887
1.90258
0.833273
0.566244
2.45214
16.2244
1.6582
2.9099
1.30892
0.568628
2.71559
16.5212
2.20299
1.78337
0.941753
0.683069
2.54154
7.99537
2.37107
1.67131
1.21474
0.573397
11.5395
10.0422
1.55449
2.13385
0.795126
0.517368
2.17676
9.31859
2.41756
1.74642
0.92268
0.528097
3.32355
8.64625
1.53899
1.50204
0.863075
0.572205
2.352
8.78811
2.78473
1.85966
1.37091
0.522137
2.91467
10.7682
1.74046
1.8549
1.79887
0.58651
3.16501
10.258
1.72257
1.70112
0.796318
0.579357
3.03984
10.3498
1.77622
1.79172
0.950098
0.56982
1.99676
1.92285
2.5773
0.867844
0.51856
2.36988
8.84533
1.84894
1.7786
1.03235
0.578165
2.84791
13.0284
1.55449
1.90258
1.95026
2.14696
11.5716
1.33157
1.46866
0.864267
0.573397
2.36154
14.143
1.61409
1.79529
1.76549
0.519753
1.99199
16.7394
1.27077
1.49131
1.2207
0.556707
1.94311
12.9402
1.39952
9.45687
1.03116
0.686646
2.00868
11.0638
1.5676
1.83702
1.01805
0.48995
2.2912
9.55224
1.53303
1.68204
0.817776
0.709295
2.07424
16.6476
1.61648
1.64509
0.827312
0.599623
3.52979
15.7988
4.13656
1.67012
8.50916
1.07169
2.31147
10.8576
1.71423
5.0509
0.966787
0.59247
1.7345
9.92417
1.45674
1.59502
0.765324
0.488758
1.75714
6.99282
1.22547
1.33038
0.818968
0.516176
1.58787
9.39727
1.266
1.34468
0.693798
0.514984
1.55926
7.9906
1.25885
1.38521
1.18136
0.523329
1.71781
7.65085
1.26481
1.44124
0.739098
0.510216
1.6582
7.02858
1.22666
1.32084
0.784397
0.525713
3.59297
7.21455
1.2064
1.31845
0.801086
0.517368
1.6129
6.9654
1.18375
1.33753
1.03235
0.536442
1.74284
11.6086
1.41382
1.5378
0.787973
0.536442
1.74522
7.43389
1.44601
1.69873
0.748634
0.507832
1.72019
9.05275
1.38283
1.54257
0.798702
0.54121
1.77503
7.15017
1.3864
1.53661
0.839233
0.56386
1.92165
7.64966
7.63178
1.53899
0.909567
0.507832
1.77264
13.4373
1.66059
7.056
0.827312
0.869036
2.53558
10.5572
2.38299
1.88112
1.69396
1.0252
2.60234
10.8302
2.0349
2.5022
0.84877
0.736713
2.00748
16.1862
3.32475
3.05533
1.10984
0.634193
2.0051
8.19564
4.09484
1.688
0.821352
0.545979
1.719
7.23124
1.25527
1.36852
1.11222
0.581741
1.58548
8.89182
1.3113
0.537634
0.524521
2.11358
8.09669
1.5974
1.44839
0.82016
0.686646
19.9473
8.41141
1.40905
1.64151
0.889301
0.647306
1.59264
1.42813
1.5378
1.4329
0.526905
2.1553
8.16822
1.48535
1.46031
1.19925
0.58651
1.91808
8.87752
2.01941
1.88828
0.935793
0.674725
1.88947
10.8612
1.44124
1.64151
3.01242
0.680685
4.11153
8.74639
3.24607
1.68562
0.963211
0.630617
15.6248
9.15527
1.27912
2.42591
0.866652
0.597239
1.60098
11.8601
1.24931
1.90854
0.892878
0.576973
1.66655
10.8302
1.31011
1.32561
0.969172
0.562668
1.66297
7.29084
1.2219
1.42097
1.47104
0.509024
1.58191
11.3153
1.22786
1.30415
0.733137
0.550747
1.65343
11.9495
1.23262
1.32322
0.823736
0.529289
1.58191
8.0955
1.2362
1.33514
0.712872
0.557899
1.61052
8.20875
1.24812
1.33038
0.79155
0.543594
5.49674
8.37088
1.27912
1.35303
0.704527
0.51856
1.66059
7.19786
1.17183
1.31965
0.778437
0.516176
1.8239
7.26461
1.35303
1.56045
0.753403
0.596046
1.85728
4.77076
1.38879
3.80874
0.915527
1.85251
1.46508
0.671148
7.78437
1.47939
0.712872
0.557899
1.72138
12.4562
1.34349
4.70638
0.773668
0.611544
1.83582
12.5206
1.42217
1.4627
0.901222
0.544786
1.90496
10.8242
1.31488
1.45316
2.3067
0.567436
1.73092
10.7348
1.31607
1.48773
0.823736
0.556707
1.69873
13.0069
1.33872
4.71115
0.77486
0.575781
1.77979
11.2486
1.31249
1.45555
0.715256
2.14338
1.77741
11.2736
1.31845
1.46151
0.79155
0.598431
1.72257
10.8361
1.31845
1.46627
0.908375
0.593662
1.74165
1.30177
1.66416
0.758171
0.74625
1.80364
11.6086
1.35303
1.50084
0.838041
0.661612
1.76549
10.8087
1.35422
1.48654
0.728369
0.556707
1.78218
12.7983
1.3423
1.39475
0.712872
0.578165
1.75714
10.8147
1.29938
7.69854
1.23501
0.581741
1.74522
12.6159
1.36495
1.48773
0.728369
0.576973
1.70231
10.7098
7.48754
1.49131
0.795126
0.553131
1.74999
10.6704
1.29342
1.49846
0.780821
0.566244
1.69635
10.7074
1.36733
1.61767
0.7689
0.561476
1.70708
7.16567
1.36256
3.80874
0.784397
0.548363
3.54171
11.2915
1.33872
1.46627
0.741482
0.559092
1.67489
10.8349
1.43647
1.47462
1.58787
0.935793
0.579357
1.86324
10.7253
1.62005
1.58429
0.776052
0.537634
2.06232
11.9793
1.47581
1.54972
0.786781
0.622272
14.2574
1.49608
1.57475
0.793934
0.571012
1.92285
6.92725
1.55449
1.58906
0.734329
0.562668
1.94073
7.06196
1.47462
1.56879
0.816584
0.561476
1.87397
11.1711
1.50323
1.54972
0.782013
0.560284
1.899
8.97527
1.54734
1.57237
0.725985
0.59247
1.899
11.4965
1.53661
1.5223
2.75493
0.542402
1.97172
8.54015
1.48416
1.70827
2.21252
0.624657
1.86205
10.6001
1.49846
1.60336
0.731945
0.594854
1.92523
10.5822
1.49131
1.57356
2.34246
0.581741
1.95265
13.2275
1.477
1.57595
0.779629
0.548363
1.87635
1.50442
1.54018
0.711679
0.573397
1.92285
7.06196
1.49965
1.56403
0.773668
0.561476
1.92523
8.08716
1.48296
1.54972
0.783205
0.54121
1.94073
7.13229
1.53422
1.54495
0.71764
0.58651
1.96099
7.38382
1.50084
1.54376
0.821352
0.557899
1.91569
7.14898
1.49608
1.58548
0.716448
0.594854
1.88947
8.99673
1.48892
1.54734
0.809431
0.540018
1.92881
6.99639
1.57595
1.54853
0.71764
0.591278
2.01225
7.10845
1.49488
1.55807
0.79155
0.545979
1.87635
10.9982
1.51038
1.55926
0.82612
0.550747
2.02298
13.3944
1.48177
1.57833
16.9587
0.562668
2.31981
9.96232
1.7941
1.72734
0.97394
2.85506
3.30567
9.34243
2.20656
1.59383
1.10865
0.677109
2.32935
9.408
3.60727
2.09093
2.35438
0.74029
2.83718
2.0504
3.22461
1.62482
0.635386
2.24233
9.04322
1.78099
1.63317
1.47462
0.67234
2.43425
14.2014
2.44975
7.11083
3.24488
0.56982
2.34842
11.6372
2.54154
1.95265
0.849962
0.640154
2.12908
9.35435
2.26736
1.50681
0.808239
0.536442
2.33889
12.809
1.58429
1.51753
0.764132
0.598431
2.00152
7.99537
1.39475
1.62244
0.836849
0.528097
2.22802
7.41482
1.35541
1.57475
0.847578
0.554323
1.82867
7.80225
1.36852
1.42455
0.787973
0.730753
2.44617
3.41177
1.6129
1.41025
0.674725
2.54035
3.72767
1.58548
0.913143
0.618696
1.96218
7.5829
1.688
1.6737
0.849962
0.593662
1.7035
10.1328
1.47462
1.68324
0.857115
0.567436
2.14219
8.74519
1.2362
19.6171
1.055
0.507832
1.96934
11.7719
1.22905
1.76549
0.7689
0.553131
1.72019
10.8325
1.39236
1.54376
0.844002
0.511408
1.54734
10.9196
1.3876
1.57595
0.77486
0.618696
1.83463
12.1593
1.35303
1.5521
0.822544
0.655651
1.85251
6.85811
1.3876
1.57356
0.766516
0.596046
1.84774
13.3812
1.39356
1.57237
1.09315
0.590086
1.83225
7.20143
1.3864
1.55449
0.765324
0.591278
1.78218
11.934
1.41621
1.57714
0.779629
0.598431
1.95026
8.06332
1.39117
1.56879
11.977
0.588894
1.89662
13.4814
1.43766
1.5533
0.766516
0.600815
1.84059
7.41243
1.38879
1.55687
0.984669
0.61512
1.79887
1.2517
1.57714
0.844002
0.604391
1.7786
13.8235
1.48058
1.49727
0.829697
0.591278
3.74556
11.0412
1.38879
1.63913
0.835657
0.619888
1.80125
7.4935
1.52826
1.55807
0.849962
0.599623
1.86801
11.282
1.41025
1.59979
0.835657
0.628233
1.79529
10.9351
1.47581
1.57475
0.839233
0.625849
2.65479
7.63178
1.38879
1.57475
0.777245
0.596046
1.80006
8.47816
1.39594
1.55568
0.821352
0.634193
1.8084
7.13944
1.44601
1.5831
0.779629
0.588894
1.79052
14.8976
1.39117
1.5831
0.940561
0.581741
1.45435
7.07626
1.23382
1.39356
0.729561
0.509024
1.57475
11.7254
1.1754
1.33634
0.700951
0.454187
1.477
7.12752
1.24216
1.32918
0.785589
0.63777
1.99199
11.673
1.41144
1.56403
0.786781
0.584126
2.02894
11.8244
1.4317
1.57952
0.907183
0.642538
2.0957
8.37803
1.508
7.92623
0.816584
0.56386
1.86563
10.8039
1.78456
1.78456
0.932217
0.802279
3.93271
14.919
3.63111
4.06623
1.62721
0.7689
2.04563
10.5381
1.61648
1.73569
0.89407
0.67234
2.19822
13.4218
2.0051
1.53065
1.04904
0.64373
2.49982
8.47936
1.63317
2.04682
1.26362
0.834465
2.22325
11.3714
1.71423
4.01378
1.2064
0.821352
2.34127
10.6466
1.59264
10.004
0.987053
0.519753
2.17557
10.3617
1.58787
1.79172
1.4329
0.555515
2.43545
11.5466
1.60098
1.57356
0.760555
0.526905
1.56879
11.4477
1.18017
1.4019
0.733137
0.538826
1.53899
12.6469
1.2517
2.19107
0.969172
0.534058
1.84178
15.6105
1.25766
1.44958
4.75168
0.611544
1.96934
8.96215
1.54495
1.71781
0.841618
0.691414
3.45469
11.9781
1.74046
1.64628
2.97904
0.588894
2.90871
10.401
6.99401
1.94192
1.02878
1.12295
2.23398
2.65956
2.12073
1.46866
0.647306
2.01464
10.7706
1.70469
1.59502
1.39594
0.857115
5.87344
12.7196
1.62482
14.7974
1.66178
0.598431
1.97411
10.978
1.89066
1.77026
1.14202
1.15752
1.85132
15.0204
1.36137
1.67727
1.81317
1.02878
2.21014
8.07166
1.6439
1.77383
1.34706
0.516176
6.59704
7.47681
1.22547
1.39713
0.810623
0.542402
1.73926
1.39713
0.808239
0.493526
1.52588
6.75797
1.41263
1.55091
0.905991
0.571012
1.5986
6.92248
1.23858
1.42574
1.30534
0.561476
5.02706
9.56774
1.32799
1.8084
0.901222
0.526905
1.80721
9.63449
1.45912
1.74522
0.840425
0.609159
2.07424
9.65595
1.56999
1.06096
1.19686
2.44498
1.91689
1.50084
0.816584
0.606775
2.02775
11.7373
1.84417
1.60336
9.2113
0.529289
1.79768
9.94682
1.6427
1.8394
1.11699
0.709295
1.98722
15.0907
1.86086
2.04563
1.16348
0.801086
2.81096
10.1268
1.60456
1.96934
0.861883
0.735521
2.01941
14.2455
2.27213
1.61171
1.08361
0.557899
2.61664
14.5423
1.25051
2.29359
1.10388
0.835657
2.69175
13.4015
1.82867
2.19226
1.1456
1.22905
0.599623
2.40922
9.94921
1.85728
1.73569
0.923872
0.506639
2.00629
9.39727
1.52588
1.59979
0.947714
0.543594
1.94669
8.22544
1.95861
2.50936
0.990629
0.536442
2.41637
13.777
1.86324
1.59383
1.02401
0.683069
3.52502
10.2806
1.81437
1.97053
0.932217
9.54747
2.42591
17.668
1.52946
1.69516
0.981092
0.520945
2.23398
9.77874
2.00748
1.79529
0.976324
2.20418
1.18732
0.56982
2.46644
19.9986
1.69516
1.69873
0.849962
0.529289
2.1255
11.3988
1.53899
1.52946
0.824928
0.532866
2.07782
8.16226
1.3411
1.50323
0.895262
0.613928
1.93834
9.53436
1.68562
1.65224
0.872612
0.525713
2.78592
8.01444
1.68324
2.54869
1.02639
0.587702
1.9598
19.4705
1.56164
1.94192
0.863075
0.989437
2.23875
13.7222
1.60098
2.31266
0.97394
0.600815
2.4724
12.4407
1.75595
1.61767
0.963211
0.611544
2.17915
1.82152
2.09093
0.793934
0.61512
2.19822
8.39353
1.8239
1.46508
0.87738
0.538826
2.57611
11.5538
10.0315
2.75373
1.05977
0.649691
2.0659
12.7494
2.28524
1.91331
0.984669
0.501871
1.76668
2.98977
1.17898
0.874996
1.04427
1.8692
2.99573
1.08004
0.983477
1.03593
1.7643
1.58787
3.44992
3.71575
15.7797
1.5831
2.13742
0.684261
0.61512
1.10865
1.84417
1.90377
2.22206
1.59025
1.92285
2.21968
0.778437
1.93596
10.3343
1.50919
0.948906
3.6335
13.8795
0.936985
2.01225
0.926256
0.638962
6.39796
1.38044
2.64406
1.24812
1.31607
5.9998
0.993013
0.947714
5.92709
3.08752
1.05262
0.87142
1.0848
2.53558
1.11222
0.982285
14.025
1.00255
1.77383
0.79751
16.4521
1.47104
0.984669
0.933409
1.15395
1.50919
5.52893
3.37481
10.2806
1.56164
2.80499
1.03354
14.1478
1.12772
9.10163
6.634
2.31504
2.18034
1.4627
13.3967
12.4228
10.9386
1.29342
9.38296
11.0281
1.45674
1.40667
1.01328
1.43886
2.28405
1.27673
1.73569
1.81198
1.98126
1.4329
1.85013
11.4524
1.03116
1.15037
17.2353
14.0572
2.69532
0.932217
0.51856
18.1508
1.12176
0.969172
1.04547
1.76072
0.531673
2.25067
2.01583
1.19567
3.36051
1.02282
1.2362
2.43187
9.37343
1.56045
0.970364
1.81556
1.39594
2.67267
8.16107
1.06573
4.48108
0.921488
1.81556
9.52005
6.83188
2.82526
0.668764
1.50323
1.1301
0.703335
14.6961
3.62754
0.649691
2.09093
1.54614
2.01821
17.2877
10.1197
1.6427
2.24948
1.0407
6.88672
7.56502
5.68271
1.05262
2.31981
4.08173
1.54614
1.96218
1.70588
5.5337
0.56982
0.886917
0.957251
2.5332
15.9168
2.141
2.0206
0.879765
0.641346
1.10149
1.15991
1.55687
4.78864
1.69754
3.27706
1.48892
0.674725
2.25544
2.06232
4.07815
0.938177
18.7993
1.69039
1.8239
1.10984
0.977516
0.728369
1.7941
2.27451
0.660419
1.60575
8.05736
2.22921
9.44853
1.33753
15.0204
1.2219
0.537634
11.4703
1.96576
0.549555
0.737906
7.61151
0.935793
0.548363
1.14202
2.67625
1.88231
0.593662
0.834465
10.0279
1.60694
0.760555
0.946522
2.72751
10.8016
1.33872
1.56045
0.921488
1.30653
4.10914
1.75714
18.3821
2.19107
17.4069
1.44362
2.13265
0.936985
1.08361
2.10762
1.03354
0.607967
7.80702
1.688
2.73824
3.18646
14.4291
1.57833
1.8394
2.08497
0.71764
1.82867
8.81553
1.45674
1.71423
0.878572
0.591278
3.56197
1.84536
1.7345
1.47939
1.76787
13.6995
0.97394
1.42694
0.813007
2.25663
14.0977
2.42233
4.19259
0.964403
4.1759
0.745058
3.00169
1.70946
7.64012
11.8554
8.03828
3.75152
1.89781
0.959635
0.63777
1.92046
6.77824
1.60098
1.70708
0.920296
0.640154
1.75476
1.98722
1.62244
0.56982
0.852346
0.745058
1.26481
1.46747
2.16842
1.54018
0.545979
6.91652
1.62482
2.31504
4.28796
0.604391
0.908375
1.77383
2.72512
1.49727
2.13504
0.869036
1.66893
5.16891
4.45485
6.29306
0.499487
1.48535
11.2081
1.20759
1.45674
0.679493
1.97291
1.33514
1.6737
11.9281
0.747442
0.487566
1.70231
8.92997
2.77877
0.962019
5.37872
5.53489
0.594854
0.463724
1.65939
5.53727
1.41501
1.98245
1.60575
0.698566
2.7144
1.21951
0.886917
2.04682
14.2288
3.09467
1.83105
0.823736
3.21984
1.52707
0.802279
0.708103
1.66535
0.74625
0.522137
1.73092
2.3222
1.71781
0.828505
1.87039
6.92368
1.34945
1.65224
0.74029
8.83341
14.8273
1.41144
1.38521
0.867844
2.563
1.25289
0.790358
2.39372
1.30534
0.792742
1.47939
11.0197
1.2219
1.74999
1.9443
0.677109
0.834465
1.84059
0.847578
0.548363
1.84417
14.8535
2.19345
0.623465
1.63436
1.7786
0.67234
0.520945
2.77042
0.511408
1.56522
0.696182
2.72751
1.87278
0.716448
4.06146
0.908375
0.56386
2.24352
2.87652
0.883341
0.816584
1.80006
9.68695
2.57015
1.41144
1.9598
5.61118
4.31538
1.67489
1.35064
0.625849
0.525713
1.61529
1.63436
0.7236
2.96474
2.44379
0.488758
1.79887
0.503063
1.4627
1.81913
3.74913
1.33991
0.754595
0.519753
1.46627
11.6098
0.706911
4.23193
3.1817
1.66774
19.9628
0.885725
0.748634
0.727177
0.807047
0.566244
0.559092
0.74625
0.493526
1.25289
1.45316
0.599623
4.09603
5.06401
0.551939
0.51856
2.12789
0.516176
0.807047
0.401735
1.68324
6.62088
1.64986
1.37448
0.724792
1.38879
1.75953
0.829697
1.68562
1.77503
1.48416
1.50204
1.13249
1.11818
7.77125
6.14524
0.813007
0.566244
1.58429
1.97649
2.7585
1.05023
0.714064
0.67234
1.06454
1.96338
2.02775
2.18391
0.904799
2.9695
2.77162
1.17183
1.15395
1.30773
0.765324
0.624657
1.43647
0.537634
1.97411
2.25782
1.92642
1.77026
2.27928
2.2614
1.13487
0.498295
1.68681
1.02878
1.6582
1.57952
1.90139
1.47581
0.507832
1.69277
1.01447
0.616312
1.94311
1.25408
1.7345
1.96576
1.44839
1.53661
0.529289
1.09673
2.49982
0.811815
0.466108
2.18868
9.45926
1.4174
1.90973
1.85013
1.65105
0.784397
0.448227
1.98364
1.52469
1.32799
1.48416
1.7333
1.88351
0.618696
0.469685
1.45793
4.46558
2.28405
2.32697
1.38879
1.4317
0.727177
0.669956
0.844002
2.6083
2.48194
2.70247
0.629425
0.765324
0.823736
0.720024
0.514984
1.72973
0.952482
0.585318
2.08139
1.07408
0.504255
1.92761
0.772476
2.57969
1.32918
2.05517
0.745058
1.40309
1.1003
0.456572
1.63436
14.3969
1.31607
16.2673
0.972748
1.24812
0.655651
0.591278
0.611544
0.852346
0.520945
0.736713
8.41737
0.838041
0.752211
0.623465
0.87738
0.845194
0.442266
1.05619
1.98007
0.41008
0.734329
1.51873
0.910759
0.642538
1.64866
1.0848
1.56641
0.660419
0.933409
2.8193
0.576973
2.8348
2.02656
6.64353
0.764132
0.511408
1.02639
2.31504
1.39952
0.662804
0.736713
0.456572
1.477
8.67367
1.18494
1.33872
0.677109
0.472069
1.63674
1.00136
0.68903
0.458956
13.0689
0.708103
0.473261
0.499487
0.611544
2.03729
0.557899
17.0267
0.748634
1.68204
0.720024
1.86682
0.671148
1.86086
0.504255
1.63674
4.72307
0.655651
0.925064
5.76735
0.765324
0.511408
12.1558
7.36594
1.6427
1.21832
0.742674
0.519753
2.19107
8.65102
1.35064
0.494719
0.809431
0.824928
1.63913
2.41995
1.95026
5.53966
1.37687
0.814199
1.23382
0.641346
0.828505
1.84774
1.3864
1.63913
0.824928
0.752211
1.16706
1.24216
5.5337
1.09196
1.54138
0.789165
0.436306
1.2362
1.42336
1.05619
0.544786
1.54376
1.17302
0.867844
1.60098
0.845194
0.650883
1.65105
1.24931
0.603199
2.44617
6.81996
1.70469
5.38945
2.63214
2.53439
2.67148
0.852346
0.617504
1.40429
1.62125
3.01242
6.49095
1.15037
5.99384
2.88367
1.16944
1.49727
0.867844
2.43783
13.6638
1.51873
1.54376
0.652075
0.609159
1.25527
1.40667
0.641346
1.62601
1.46031
1.47462
0.761747
0.555515
0.841618
1.68681
0.759363
1.71423
5.09143
1.29819
1.42932
1.84894
2.27213
9.40681
1.85251
1.52349
0.680685
0.441074
1.61529
9.95874
1.3423
1.23739
6.96659
7.01308
1.34945
1.42097
0.786781
0.463724
1.90973
8.70824
10.5882
1.297
0.787973
0.48995
1.96338
1.56641
0.642538
0.454187
1.4329
1.54972
0.724792
2.69175
0.940561
0.828505
0.555515
1.94311
1.1301
0.555515
3.11255
0.865459
0.971556
1.99437
6.98805
1.64986
1.57237
0.712872
0.737906
1.83463
0.9799
1.23382
1.77026
0.634193
0.559092
6.32048
0.636578
0.525713
0.867844
0.62108
1.33514
0.611544
8.09073
2.12073
0.654459
0.494719
1.06215
1.14322
0.731945
2.98619
2.54273
1.48773
2.5928
5.64575
1.30892
1.30773
0.602007
0.491142
1.5974
12.2404
1.46508
1.40786
0.660419
0.506639
0.741482
0.452995
1.57833
9.5427
3.07679
1.09553
0.829697
2.09093
8.35061
1.05739
0.7689
3.58462
1.11938
1.08123
1.98245
0.555515
15.3649
0.712872
0.458956
0.579357
0.691414
2.82645
11.0853
0.562668
0.54121
1.52946
5.83291
1.17302
1.4019
0.693798
0.4673
1.31726
1.97172
1.00493
1.62005
2.84314
10.1721
3.29494
0.225306
8.97765
0.92864
2.02894
14.5781
2.01225
0.79751
1.36137
10.0243
1.26362
1.91569
3.40343
0.605583
0.776052
0.579357
2.31624
12.3215
1.15037
1.62244
0.68903
0.441074
1.36018
11.7743
0.67234
1.44005
2.25306
2.28286
0.99659
0.790358
8.60453
0.813007
1.36018
0.801086
1.65105
3.1805
1.02282
0.480413
6.35147
1.52469
0.780821
0.418425
2.2912
1.37568
0.758171
0.721216
1.95384
1.37687
1.40905
0.82612
0.90003
1.78814
0.870228
1.67727
1.0705
1.88351
7.45177
1.31965
2.05874
1.33395
0.53525
1.18375
1.80721
0.787973
0.661612
0.58651
0.712872
5.11885
8.65221
2.27332
1.22905
0.624657
1.57237
17.0922
2.80976
1.66059
2.55108
0.473261
1.4925
1.30892
3.21269
1.33395
1.50204
1.56164
4.99606
0.710487
0.731945
17.24
0.679493
1.40667
1.58548
1.15037
0.699759
0.520945
1.87635
3.39746
1.22309
1.35899
11.3058
4.10557
1.27077
1.92881
1.70231
6.47545
1.62601
9.59277
15.9681
1.01447
1.37806
1.07765
0.880957
1.60456
0.790358
1.04666
1.95265
1.54138
1.59383
1.56045
0.662804
1.297
17.4761
0.838041
3.42607
1.40667
0.671148
0.504255
0.619888
1.64866
7.68065
7.84993
1.33157
1.75714
0.938177
0.845194
2.51055
1.70827
0.61512
2.54512
0.965595
0.801086
1.69039
1.44124
1.72257
0.864267
0.588894
1.90258
1.26958
1.9145
0.714064
1.03235
3.80158
1.76072
1.16348
0.778437
1.05262
0.983477
3.618
1.6737
2.17795
1.8549
0.534058
1.05977
0.787973
1.34587
0.792742
0.859499
0.673532
3.12924
2.06232
0.700951
0.982285
0.765324
1.5676
0.683069
0.396967
1.75834
6.15239
1.1003
1.35064
0.652075
0.396967
0.64373
1.53184
1.05143
1.32442
0.574589
0.423193
1.60575
3.06845
0.969172
1.27316
1.297
0.640154
0.557899
1.63555
5.1403
1.32442
10.1793
0.633001
