0.295639
15.8489
14.2503
18.245
17.0267
15.564
17.6239
12.9509
14.1633
17.2508
14.2455
15.6474
16.1517
14.6461
17.5512
13.3467
11.8649
15.4328
7.09534
17.8599
10.4344
6.18577
10.3271
7.78556
18.4464
7.49111
13.7448
12.7733
17.9243
19.2559
3.93391
13.8247
16.6965
15.0859
15.0061
8.09789
18.903
14.4815
4.55379
14.0393
9.65357
13.5851
16.8538
13.1798
11.791
5.89371
10.3176
6.91295
5.5778
17.1053
13.907
10.5512
11.1759
5.69224
10.0553
11.4942
7.478
19.2988
17.2567
16.7
14.1048
13.8712
10.2186
7.63178
11.5275
17.0934
11.481
16.9706
16.1946
0.697374
14.1585
17.5464
16.1862
17.4665
17.2055
17.3497
8.46744
13.8557
15.9025
10.7729
10.2651
15.285
5.93543
1.93954
5.19156
10.1626
9.37939
4.3869
16.9683
6.41346
2.79188
18.5215
14.7426
15.3935
12.2857
10.0148
14.5423
1.27673
18.3153
18.0912
16.9313
13.8283
16.9408
16.9301
16.4545
18.4989
16.278
12.8019
19.5885
12.5289
4.85778
14.4529
2.21968
12.7268
4.39525
1.55926
18.6932
17.6692
16.9206
4.81963
15.4793
10.9506
11.4036
13.4039
16.5105
13.3848
15.4197
1.3411
14.5173
15.6724
15.2588
16.7561
12.8722
12.4848
8.53896
8.33511
16.8204
14.0059
17.978
16.005
7.68542
8.18729
5.83768
15.4078
18.3654
7.41839
6.31213
8.10027
1.43051
8.08001
12.4264
11.4059
13.3967
18.6825
16.8633
16.7561
6.87003
17.1864
14.5328
14.0667
16.52
13.8366
14.5102
13.3801
14.571
12.3155
6.23465
11.7671
10.1388
9.21369
3.5429
14.329
5.88655
2.81692
3.44872
2.70486
5.13077
0.588894
17.3545
17.5047
15.2016
13.7305
7.18474
15.7893
17.4057
17.2865
15.8787
17.4797
11.1651
4.9603
14.0357
8.28266
19.1534
19.1283
17.066
5.25832
12.393
16.3329
17.1196
14.5268
12.0127
4.48585
14.8666
3.0148
11.5347
2.62499
9.64761
9.97543
11.2736
0.549555
15.2671
13.7722
13.8831
17.5238
12.4073
9.32217
1.41621
19.4049
13.3753
12.0795
13.3908
1.20521
3.04461
7.24912
17.947
15.6009
13.1726
14.0178
7.02381
14.5662
12.8853
18.5907
12.4121
2.10762
18.3046
17.7562
13.4504
17.6728
12.7029
14.5006
16.7179
8.44717
14.7545
18.1329
16.3138
12.4526
18.1675
6.77109
18.8279
11.4167
13.5052
10.1447
12.8412
12.4657
9.22084
10.6275
7.85589
15.198
19.3262
11.0936
0.803471
0.587702
0.587702
0.965595
16.5772
13.3729
0.0667572
17.2615
9.63092
17.2687
5.08308
13.8509
8.06808
14.8988
13.2155
12.3262
17.2472
10.5286
10.5298
8.39472
2.72036
5.66959
7.20263
7.42435
10.5023
14.7831
16.6023
16.3412
12.7292
2.07067
7.75933
7.17163
3.77178
10.488
17.3748
6.49929
2.26974
1.91331
12.8186
5.15819
1.48535
1.59264
12.4764
8.31723
9.67383
0.809431
13.6459
17.6203
18.0268
14.6842
8.5032
12.1248
18.7063
10.1161
19.2237
17.302
14.9739
19.9676
8.44836
14.0941
17.1244
17.4356
14.7736
14.0667
13.2346
16.47
9.01461
8.17776
10.4392
18.2629
15.2159
18.1508
16.7215
10.314
0.218153
0.28491
0.795126
15.1587
14.2181
15.3327
14.4649
10.7121
13.1392
9.59635
6.22272
8.0812
14.3409
16.067
15.2242
19.9246
17.2746
10.823
1.89543
6.63042
5.16295
3.72171
10.8051
0.79155
0.593662
0.855923
4.16517
0.618696
0.623465
0.681877
0.873804
1.8239
2.50936
0.178814
1.59502
9.15647
3.85761
0.706911
3.08871
1.9908
18.0125
14.3933
16.7286
3.15189
14.3838
10.6966
13.4337
9.10401
14.2074
16.5975
12.0699
10.9768
13.274
13.4909
16.1266
19.9032
9.82285
12.3489
11.8208
17.2734
14.2038
14.8737
5.22494
4.30107
15.3685
16.7513
14.7521
9.36985
17.9946
1.59621
17.3712
18.9066
18.3392
10.5333
10.0231
5.87821
14.0405
15.6772
17.8146
15.9562
10.3998
14.5924
7.01189
3.41535
17.7824
17.2341
15.9919
14.5757
13.1524
9.76324
13.4623
7.34329
5.40972
8.10146
13.2775
5.31316
12.3179
18.3618
19.1736
3.26157
12.4276
18.3868
8.24094
4.15564
6.60658
6.27756
3.44396
1.33276
1.57475
12.157
17.1304
18.2259
15.0299
13.9618
9.43542
11.2474
7.23481
11.0555
19.1295
17.7705
13.2811
12.0533
5.36561
11.1151
7.00593
15.5878
7.70211
11.5263
8.86917
6.31213
6.76274
9.05752
3.99947
4.17948
19.4252
13.4051
18.2533
13.2072
13.5624
18.4381
11.0209
8.43406
19.3357
2.37107
14.3003
12.6529
18.9233
17.8695
9.02176
9.13382
10.6621
6.79374
17.6585
16.1207
9.41396
10.519
13.4134
1.67131
10.4511
18.0376
10.4892
8.59737
15.3649
10.0839
11.102
13.8998
17.7324
18.543
14.8082
9.45091
7.48634
5.69344
13.1881
6.43134
16.8407
8.45551
18.8744
19.381
18.1246
2.90751
6.87957
11.2832
12.1224
6.81639
13.1297
13.7961
14.2944
14.4291
13.5922
11.6813
7.63893
11.611
5.47528
3.74675
10.8743
11.059
2.66671
10.3104
16.166
19.3655
10.1399
10.5977
15.5675
19.0604
15.2421
17.6442
9.48429
5.94616
1.16944
0.889301
0.407696
13.9749
1.68562
8.15034
17.1328
17.662
6.60658
1.1003
11.6384
15.1825
1.72138
11.1902
7.11441
4.59909
12.7995
1.67966
1.48177
2.49505
1.54138
1.11103
0.588894
6.29425
7.39932
15.3017
16.669
15.0847
9.62615
1.62601
1.48058
18.8661
7.22408
0.741482
3.02434
2.05994
12.9461
10.078
12.9735
5.31197
13.1142
3.03149
5.82218
0.827312
13.572
5.28693
2.22564
2.11
1.2207
14.4994
7.75099
1.16944
0.940561
0.661612
2.09808
3.21865
10.0219
2.97785
18.7445
2.04086
2.12073
19.3608
8.97169
6.44088
6.86288
1.7345
6.35147
6.25968
14.0393
1.97172
5.02825
4.14848
9.21845
17.1661
12.7769
4.09007
9.33766
3.90172
8.90136
8.58426
1.23143
13.8474
7.7486
5.79238
9.65357
8.25882
6.73771
2.78473
15.2349
1.64509
6.68883
12.5301
9.48787
5.54085
9.45449
9.45926
3.06845
2.05398
2.98023
8.59976
14.8261
9.20534
9.50217
1.96695
1.95384
1.95265
9.59039
12.8436
1.48058
18.4321
17.314
12.8484
1.41978
17.5989
7.5531
0.780821
12.1355
11.4369
11.1282
5.99384
2.36273
1.9455
2.80619
1.86443
3.52383
16.526
8.40306
10.6514
6.88672
2.9099
8.82745
9.77516
2.56181
6.39081
1.57714
5.17488
9.21726
3.23415
18.1401
5.62429
8.58426
8.31246
10.4666
13.2096
5.58853
7.6735
2.33412
2.62141
5.19872
15.403
7.16925
10.972
8.60929
17.6728
6.98447
10.2246
5.71728
3.00527
0.704527
1.64628
19.4371
6.71864
8.1706
12.9402
10.9017
0.982285
8.99911
9.45807
5.93781
5.89252
7.81655
7.64966
6.84738
11.6527
11.7528
6.99878
16.0563
8.34703
0.469685
14.1168
10.283
12.0866
9.16243
17.0696
17.2913
1.70827
3.31163
3.25561
4.99845
6.03795
14.2968
5.42164
5.15819
0.41604
8.11458
2.11954
11.9376
1.49608
9.20415
8.96811
2.96354
12.5337
8.20398
14.9155
5.11169
12.1832
1.57952
15.4746
8.19325
1.98722
2.88248
5.73874
9.31859
14.4196
4.24385
8.6832
1.39475
18.0519
8.93593
2.63333
8.67009
8.79288
9.14454
6.00696
0.183582
1.59264
8.87632
2.73705
9.40561
1.98364
13.2835
3.17454
1.42694
7.81298
9.26614
10.1495
8.7595
7.27296
16.036
3.43323
2.21729
17.4558
1.49846
16.4092
11.5597
2.87056
1.8096
6.68883
14.41
5.57184
3.1209
17.4332
1.3566
11.9507
1.33157
17.5989
14.3838
2.26259
8.01206
19.7661
8.98004
9.55582
5.96404
7.18117
1.1754
9.38296
8.3828
8.97169
12.5134
2.86698
7.025
6.24657
6.69241
5.06639
9.64403
2.72155
18.4464
8.73685
2.80738
9.51409
2.72751
5.11765
15.3947
6.79851
2.27094
16.7882
2.05398
1.49012
8.86917
1.56879
10.004
5.90682
14.9322
15.6963
1.72853
1.45197
8.02398
16.526
9.74894
2.82168
8.79049
2.93612
4.9448
16.9194
17.0958
2.16126
3.26395
7.94888
3.79443
8.75831
18.1079
1.37568
2.99454
1.39713
1.65105
8.62479
9.03606
4.90665
6.48737
5.61953
18.307
5.35607
5.42879
15.7309
2.24352
9.28879
17.7801
11.2283
1.42574
17.0553
1.63555
9.0766
1.63436
5.3072
14.1799
10.0315
4.40598
18.7194
9.78351
8.71539
6.22511
9.36389
2.72632
7.08222
5.42641
2.63691
8.40425
1.41025
4.56095
5.96166
8.93354
5.89728
12.3239
12.5015
6.74486
5.23686
9.87172
1.47939
18.1901
1.31607
10.9184
11.2736
2.80261
8.68559
2.9695
9.20892
5.17368
18.1353
8.35299
9.26495
2.47002
0.433922
10.9076
3.05295
9.55343
1.6284
17.9362
2.81334
6.22272
6.21676
1.15037
12.3966
8.7297
11.4846
6.53267
3.74556
11.1806
8.51631
8.50201
10.8922
1.42932
12.908
11.9317
9.19938
7.33256
9.62377
9.36866
8.92639
17.6179
4.8399
1.43409
8.95739
2.81453
8.72612
5.75304
7.94411
15.8548
5.61714
3.02672
8.55207
0.215769
5.73635
0.540018
18.8124
10.0982
18.8124
3.03745
2.61068
1.62721
5.54919
6.69241
4.33445
1.2815
3.02792
2.83957
3.11375
8.82268
2.88606
17.2663
6.12259
7.45296
16.3925
9.41396
2.05755
18.8565
1.40309
17.2591
13.1047
9.98259
1.61052
5.06639
13.4063
18.1997
8.75235
6.14882
1.62005
6.46234
8.94904
12.5587
1.4317
12.8233
9.17077
5.90086
8.75473
2.73943
15.558
1.67966
8.89778
3.04937
9.27329
5.05924
5.38826
8.56042
16.6249
18.0447
18.5144
8.76904
7.98106
9.17435
17.0588
12.9402
1.42694
9.31859
5.91755
8.62002
2.82407
8.3971
9.42469
12.8996
9.49383
9.51171
10.86
10.5011
18.5633
1.57356
9.4223
8.80957
11.4453
12.3477
2.0957
9.1362
14.7378
9.21726
9.3329
1.5521
9.18984
7.23124
18.8994
13.0153
14.4553
1.64628
7.05004
11.766
3.87907
8.54969
16.4652
18.1544
1.16706
0.84281
9.29832
8.28028
9.39965
2.07067
5.93662
9.08017
12.3727
8.63314
17.7097
18.6253
9.69887
6.20484
8.8799
6.97494
8.55923
9.38892
1.58548
1.62244
17.1006
12.1665
2.8801
0.221729
9.43899
12.6898
1.81437
8.1861
8.14199
8.99434
3.0303
15.2242
1.27435
9.5737
6.12497
9.2411
12.399
18.6801
1.96934
5.92232
3.4368
17.4499
16.7596
18.1866
9.68099
1.64866
6.0606
5.72443
15.4734
16.9718
2.20656
11.3499
1.5521
16.6714
7.67946
1.60098
8.68559
2.90751
6.25849
4.09961
5.39184
0.734329
0.344515
12.6469
16.6917
18.1174
9.02176
8.31962
1.57714
9.38773
6.15597
1.53899
9.67264
1.60456
6.68645
11.723
5.63025
4.86493
9.59873
5.10812
10.1686
17.7288
2.06709
11.2486
1.61886
16.8669
14.3099
7.21097
9.4974
3.09944
11.6968
1.51634
12.2583
8.78692
10.9756
12.4323
15.9657
5.46098
17.1912
11.7981
18.4691
8.54969
2.79546
9.0611
17.643
12.6147
15.1348
8.97527
8.40664
4.34041
12.6195
3.05176
8.64983
2.21372
16.7096
10.0636
18.0078
8.4877
1.69158
8.43167
1.52826
2.13265
6.13093
1.62005
1.62721
3.26157
0.389814
10.1686
9.74536
9.49383
9.17673
10.9923
10.2651
8.15034
10.221
9.67264
5.8639
5.6076
19.6517
1.96099
10.2615
19.9199
5.98192
5.83291
6.07848
5.76138
15.682
9.46403
3.36647
9.99808
9.09805
8.99911
6.61612
7.28488
3.07083
5.85079
10.7408
17.6299
12.3382
0.867844
18.7635
3.34144
8.77738
1.19209
4.61102
9.43542
8.11696
13.2012
8.17418
7.49588
9.58443
9.00388
9.2566
7.08103
7.16209
5.67555
5.16534
5.53131
5.85079
19.8257
14.2562
0.693798
0.56386
1.35064
0.773668
15.3112
10.9756
1.14918
19.5658
1.90139
6.87242
12.5396
5.75781
2.87056
4.78625
2.56658
3.30329
4.84586
17.2007
6.32405
4.5979
8.72731
7.65562
3.74556
4.52876
10.2305
8.05855
10.6394
9.0909
5.62191
5.21898
6.8903
15.7511
19.176
4.31895
6.62208
3.2258
5.67198
17.01
2.53677
3.35217
18.6348
6.41465
6.49214
17.5977
3.38078
3.4976
11.2045
3.89218
3.80278
13.3252
16.5761
1.41025
9.57012
1.19805
4.7648
8.43763
5.98192
3.5727
17.0529
9.48668
14.1311
9.55701
8.21471
10.8755
1.43886
2.77162
3.24607
4.49777
6.08206
8.76904
1.36614
9.41515
7.52568
6.58631
7.40051
3.66449
3.3915
5.94974
9.16958
6.32524
2.00987
4.57287
5.71966
3.33309
4.06861
1.55091
14.2455
5.60284
5.41687
9.2876
18.1794
2.59399
2.8193
18.0411
5.69344
16.4521
15.8381
11.183
17.345
13.8855
8.54254
2.77877
18.4393
1.688
4.28557
18.8267
2.22087
1.38044
19.8376
16.3043
0.296831
2.11716
14.8344
5.72085
1.20997
18.5299
3.68357
19.4442
19.9771
2.55704
19.9091
3.54171
14.4756
13.7019
11.0567
5.34654
2.02417
18.9614
5.66483
13.0141
2.27094
1.18256
5.92709
9.57847
6.49333
7.86781
8.58307
9.03845
11.4775
6.60419
5.89848
6.8891
3.74079
5.84364
4.78148
7.80225
13.8307
5.8198
5.72205
1.06335
4.1008
14.981
15.4412
2.97308
1.82629
5.83529
3.82066
6.05583
8.58068
4.82559
17.3664
5.99742
4.76241
15.2385
0.593662
7.01785
8.76665
6.84738
5.82814
15.1467
4.29988
18.8017
2.44379
2.65718
17.1101
3.05891
14.8356
16.5451
4.493
4.05908
6.04153
6.78778
6.53863
7.4935
8.35061
10.4451
19.4573
2.97785
4.63128
6.33001
16.1505
16.1099
3.23772
9.06467
8.6832
8.37207
10.5143
1.10984
15.7702
7.0858
16.7322
8.60691
1.10984
0.640154
19.3179
12.4085
0.495911
0.932217
0.987053
18.568
2.48909
19.7613
9.03964
5.01156
2.0957
19.2833
7.86901
1.87397
3.78966
10.1769
7.23124
6.56605
6.65426
9.21011
6.12259
1.05739
5.93543
3.72291
5.57542
1.74761
0.58651
14.4231
4.33326
6.32048
4.98056
6.89387
17.5822
6.68764
3.55482
7.83682
3.12805
6.73771
3.47137
6.2871
3.10898
2.50816
4.92215
12.9449
5.6541
11.8601
9.83953
19.2189
12.1272
8.98957
6.27518
7.13944
7.42435
9.75251
4.32134
7.96556
1.25527
3.33905
12.6278
6.01888
14.2348
2.30432
17.1375
2.06828
11.2557
3.95417
8.33035
9.62019
6.92248
3.5131
1.07527
10.2186
1.9908
2.57134
1.34945
0.932217
6.40988
17.4177
5.92351
2.98619
7.67946
2.63453
16.3162
1.35899
15.8906
5.8639
2.6834
3.98993
11.8756
17.947
6.21796
9.08971
13.4492
5.66602
18.9364
4.92811
7.49111
3.43084
6.03795
17.8492
3.59893
6.45757
4.06504
16.6273
2.2471
18.9209
1.98483
13.8843
5.76377
5.12481
1.02639
18.3213
2.03729
2.61903
12.8698
1.15156
2.18153
8.00967
1.85013
12.1856
1.69873
3.65019
19.1939
0.27895
15.3208
17.4546
5.64694
3.87192
16.9539
6.9046
6.4981
6.84977
6.84857
9.42111
17.55
5.13077
3.78251
11.9507
6.47664
18.1067
2.74658
16.52
3.8898
2.33531
0.942945
17.0088
5.67079
0.449419
2.67029
5.97358
4.51684
16.4843
11.8625
13.5291
5.1105
19.3036
0.902414
1.33634
0.344515
12.4836
3.86477
17.0362
14.3731
6.89268
3.74675
3.68953
1.40548
0.644922
18.3487
1.62005
13.8426
2.37226
19.5527
4.08292
14.4756
0.611544
0.703335
17.5679
4.28081
4.59433
1.37091
1.19328
9.30071
18.9209
5.34296
8.54731
1.30534
0.305176
5.38707
5.19633
2.01941
16.129
6.09756
5.71251
7.65681
1.3864
17.606
2.34365
6.81162
5.50508
16.6857
9.78708
4.57168
14.9429
7.22289
4.5836
17.7717
6.23345
15.3744
2.84553
6.02484
0.851154
1.12414
3.06129
6.98209
5.62072
18.09
2.47121
2.13265
16.2339
14.6878
6.84977
4.03404
10.5381
0.677109
2.3675
9.59992
6.22272
19.4442
7.76172
18.3976
5.91278
0.101328
5.30124
13.7162
0.935793
8.04663
12.9116
15.1837
0.983477
4.21286
0.811815
18.2045
13.5064
3.94344
11.3726
7.86901
2.04921
13.4063
2.05994
18.9281
8.54373
0.857115
5.03063
19.3238
4.80056
16.6118
16.1564
16.4318
5.56707
16.3698
19.1677
1.51873
6.09875
9.40561
18.5132
17.7658
2.23279
0.97394
3.38316
1.02878
11.3451
1.34826
12.2833
4.51446
5.79596
3.5131
3.01957
6.0904
16.4676
2.12789
5.12123
4.78029
5.08785
17.283
4.70161
3.22819
4.10199
4.09722
5.04136
11.8721
9.15885
9.9802
6.38604
6.30975
3.70622
5.8651
7.3576
19.7411
6.55532
5.96166
3.9649
19.8841
1.2815
4.85897
18.4035
18.9769
11.7218
3.35932
15.3828
17.9267
14.41
2.20537
13.8819
6.08683
19.6326
15.4078
1.90735
2.53916
5.65529
16.3245
6.50644
4.55737
19.6433
5.76615
10.0243
7.3266
0.501871
16.9134
1.37925
5.46098
3.88861
6.73056
3.24607
16.6166
13.1881
0.339746
15.3685
2.01344
12.8305
14.2086
2.74539
16.098
4.26412
14.807
0.940561
1.69158
5.75185
1.1909
7.57933
9.46283
5.60403
3.21031
8.00848
10.9839
1.16467
4.82917
9.03249
1.78099
16.5415
3.26633
9.45568
1.92523
0.864267
6.41704
2.06113
2.14696
8.07405
19.4025
4.86135
4.11034
6.00219
7.13825
6.33001
1.51634
5.75423
2.09332
16.6643
1.67847
15.8119
8.81195
15.9168
18.903
0.852346
10.0899
2.14219
7.99537
19.8436
4.83751
0.64373
9.39369
0.386238
15.8095
1.02162
12.6207
2.69055
10.8385
2.28167
1.64032
6.31809
19.7923
2.01344
5.55277
16.8633
17.1888
5.39541
4.59313
4.9305
17.7336
12.0389
3.78251
16.2899
8.02875
5.00321
4.64439
4.60625
7.29084
6.89268
8.90255
5.66006
6.69718
19.7029
6.09159
19.0973
19.989
3.51191
3.34144
5.44786
18.1484
1.44839
15.7535
2.14934
18.8351
16.1541
11.8518
14.7247
9.75251
13.1023
5.82218
0.464916
4.57406
14.7736
4.66943
17.339
19.1379
17.7872
19.1605
3.59535
19.3906
16.427
13.5231
19.6004
1.51515
1.266
14.8058
15.9025
2.38299
0.982285
3.35217
3.65138
0.560284
6.74725
17.8063
0.725985
14.4935
0.404119
5.6231
4.85778
5.759
5.05924
17.2651
4.58241
15.8
2.32339
9.49383
1.03235
5.40257
16.4616
2.39611
11.8136
2.36392
19.1116
13.8354
14.3981
18.6968
19.424
3.31759
0.786781
17.1423
6.04749
1.25408
13.2465
16.9861
6.31213
1.24216
1.61529
6.13928
1.35899
19.3918
6.43253
1.63436
0.380278
15.6295
18.8518
3.32832
16.9837
2.24829
4.18901
0.312328
5.37395
3.22223
7.43508
5.27859
17.2317
1.00732
7.91788
6.09159
14.441
3.04103
14.0059
2.40803
1.98364
7.0107
6.03676
7.56741
18.1758
12.6624
4.35352
5.36203
16.6237
19.3429
2.70963
15.9979
15.6033
4.4322
6.66142
3.88026
5.30481
3.016
6.8593
5.8496
6.34193
19.1641
4.38452
17.4713
11.071
11.0161
11.301
8.24094
7.10011
4.10318
6.77347
9.24349
17.9815
5.55396
17.9756
5.67079
11.7278
0.274181
19.0568
2.49147
8.70943
3.46661
18.8422
17.8301
1.24097
7.51853
7.2372
5.29885
6.62684
7.66635
7.24673
4.96149
3.13759
9.17077
19.9091
7.78556
8.775
9.5427
8.68678
8.25644
10.674
1.94311
16.923
1.97887
15.6307
8.01921
0.932217
2.16365
18.5466
17.3938
14.3647
15.1622
1.89781
9.21726
16.4592
16.402
7.95603
6.1667
6.70314
10.0279
7.80463
5.12958
7.40886
16.6321
8.71181
18.1997
7.22647
9.54628
6.92129
19.0628
6.77586
6.09517
0.404119
1.37568
4.68969
12.6195
5.43475
13.0403
1.73807
5.46575
1.05739
4.79937
5.44667
16.4509
1.21355
1.32322
1.18971
16.6249
1.46031
16.9837
4.75764
6.00815
1.35422
16.7036
1.87039
8.91924
15.0049
18.8518
7.52211
14.7617
1.37448
1.27316
1.90616
2.05278
2.04563
6.24299
6.58631
7.94768
18.1305
7.8547
12.4907
8.75115
19.9926
9.6941
6.62804
7.22051
5.28812
2.36511
18.7922
16.3639
1.77026
0.977516
12.1498
9.49502
19.1343
5.41449
18.7147
5.90682
14.6258
3.82185
7.18594
1.35899
5.59688
5.50747
8.19445
16.9683
11.0376
6.25134
15.4555
0.43869
15.1742
5.62072
18.9579
5.15938
1.54257
5.5325
1.96815
19.8889
5.40137
15.7368
0.7236
3.55244
4.94003
5.43237
17.1089
16.1576
7.45296
11.8339
3.10063
8.88705
8.13723
7.73311
9.27448
2.04563
8.90374
0.441074
13.3085
2.99692
6.40869
4.12345
6.6483
0.495911
12.1427
6.6638
1.75118
7.5233
7.51972
9.77755
8.52346
5.94139
7.41243
3.88384
5.31673
5.06163
0.600815
2.20418
10.9625
9.11474
7.37548
5.74231
11.9507
17.364
14.5555
5.66006
3.90172
5.19991
2.95997
17.5691
6.09398
9.29594
3.24845
5.81741
3.96848
1.08361
8.74877
5.81384
16.2351
5.03182
1.91092
17.2758
17.9875
9.11236
10.674
19.5849
6.14166
12.002
7.25031
3.12448
6.74367
3.41535
8.61645
5.94854
14.3421
0.858307
19.5038
6.79374
18.748
3.54052
0.163317
6.03557
6.53267
4.24385
2.32697
11.1365
4.16994
9.41992
5.45979
19.7411
2.2769
8.80718
1.02162
7.1311
9.41992
8.52704
10.4547
1.07527
6.01292
6.71864
3.14713
6.57082
9.13382
16.681
17.2603
9.7847
5.28216
2.03252
4.06146
8.84295
8.89778
8.20637
8.78334
0.895262
0.501871
3.81589
13.7389
0.600815
4.4179
8.71897
5.48005
4.11391
11.3928
0.414848
4.47631
9.38058
8.33511
0.426769
9.09209
18.9781
8.59976
7.22647
15.2719
8.96335
3.03626
8.96811
10.3199
5.85079
9.08852
6.20484
5.126
4.60982
8.775
8.59857
2.29836
7.92027
9.11474
0.833273
8.98719
2.53081
14.7474
6.31571
3.09467
8.80599
4.18901
2.54512
12.6779
3.14832
14.9369
8.71181
15.7273
9.61661
6.93917
7.01427
7.80821
8.79407
9.14097
1.84774
9.22203
17.2389
4.06861
18.971
5.65648
5.9855
12.7721
7.56264
7.43151
9.20534
8.43525
9.53197
8.08716
1.49846
1.64509
2.83718
2.65121
16.9313
13.7019
1.1909
17.2949
2.7442
5.6982
5.60999
17.73
2.53201
18.1901
17.7157
1.30892
6.56962
9.94444
10.1006
3.53456
5.51701
9.64165
18.2319
3.32832
19.6445
10.8039
14.2598
5.81503
14.0333
1.56283
15.4829
15.1849
17.2114
5.97954
18.7135
5.09381
15.7833
6.001
15.8238
13.6173
5.83172
4.78864
6.04033
0.26226
15.465
5.89609
19.5289
1.08719
12.2452
11.3249
8.04782
16.011
5.93662
16.3758
0.300407
12.7089
11.8232
8.36968
7.24316
5.92709
6.30736
6.13332
5.52416
4.82798
18.1758
0.332594
15.6689
3.79801
0.561476
2.16365
0.708103
5.76138
6.60419
14.2348
6.634
5.39303
4.25458
6.76274
6.28471
19.6314
5.12242
5.82218
18.9805
2.4116
6.5732
16.7727
15.8596
18.5692
16.607
3.24249
1.22786
1.2064
0.911951
19.6218
4.03523
5.37157
12.4037
7.28965
15.7177
0.295639
6.5279
7.27534
15.1563
4.84824
5.62429
4.03166
14.4827
3.89099
13.4802
19.4979
5.45263
0.92268
17.817
7.34091
7.7951
5.42283
18.6896
0.71764
3.08514
0.452995
2.30432
16.4163
17.7765
2.06709
1.7643
1.48177
0.927448
18.9126
16.5462
7.85232
15.26
5.50508
5.99623
4.19736
19.567
18.3332
0.908375
0.587702
7.94649
5.6982
2.45214
5.40853
18.6813
5.35369
4.76122
15.6975
0.67234
11.3928
0.700951
19.7804
1.58668
6.50406
7.18117
5.44071
5.84602
8.8346
19.083
8.5783
4.45247
15.9585
17.7515
6.56366
0.729561
12.1927
17.9648
1.36375
14.1144
14.6997
0.292063
0.581741
5.20229
15.1527
17.6609
2.21252
15.403
1.83105
1.30415
1.10269
1.41263
0.909567
8.31246
7.40886
7.80702
8.25405
7.53403
5.35965
5.99742
0.665188
3.74556
14.1919
5.39064
18.7123
17.9684
6.29187
18.878
19.2022
3.26991
5.76019
11.5025
2.58088
18.1723
16.16
1.24097
19.3405
9.7394
17.2496
8.90017
6.77943
8.73208
6.0904
4.66704
5.83768
4.51565
18.9126
2.40564
19.8281
18.1258
2.07067
4.92454
3.88741
15.6689
2.03133
16.7131
18.8696
6.57797
8.82983
9.62257
8.97408
15.837
5.46455
11.7576
1.63555
16.3686
13.5612
6.09398
16.6845
7.69854
1.61052
16.799
0.269413
1.3113
2.55823
2.63929
8.45075
15.7344
2.63572
18.239
1.21713
14.6782
17.3914
5.46575
0.965595
5.18918
5.02586
16.4902
1.50919
18.6253
1.03951
3.06368
12.393
13.6769
0.140667
4.89593
19.3965
15.5759
16.9408
13.0594
14.5304
14.2705
4.96626
12.4598
13.4015
4.70996
10.9553
4.47631
14.3361
16.1767
11.9424
5.79715
4.27723
15.7368
4.13775
13.2525
5.26071
14.3349
0.874996
11.4441
1.07408
2.21968
19.8388
3.35932
2.34246
5.48005
19.9664
8.90017
9.37223
6.78897
5.58376
16.2292
7.2515
19.7232
1.53899
2.31266
15.4293
10.2949
1.78695
4.83155
3.85642
8.75115
5.85318
8.33273
8.8203
1.10865
7.23362
6.49452
8.56996
8.25047
10.4439
5.97239
10.3581
3.36289
9.1815
0.978708
5.12123
7.44104
0.761747
7.2813
1.266
11.4632
8.12054
7.59244
5.47171
8.61168
8.86917
1.86086
6.13451
3.15189
9.34958
7.20263
17.6048
14.4672
1.82629
1.59264
8.27193
10.3164
5.82695
9.30071
0.886917
10.8206
3.78609
5.13077
13.2942
3.62992
8.48293
19.7697
5.68271
2.2006
5.75066
12.2619
6.48975
2.31504
6.16789
14.745
6.52909
9.27567
11.2379
3.06964
0.58651
6.99997
11.4
8.87275
6.23226
6.5732
4.88043
3.50475
8.14795
6.02007
4.42624
0.497103
0.356436
6.67691
7.17521
7.39813
15.2791
4.6742
5.14627
4.80533
3.33071
19.84
5.43356
2.59638
16.3317
0.306368
14.6651
3.38793
5.97119
10.9923
0.834465
0.598431
7.59602
13.5696
13.324
17.8301
17.736
6.32763
2.32935
3.86834
3.89576
17.1638
14.6174
0.780821
3.58939
5.76019
3.94464
17.2591
5.7435
4.92811
7.26938
1.68681
5.28336
2.83718
1.96815
6.0761
12.2356
1.60098
4.43816
6.1965
2.96593
9.2411
0.934601
6.01768
2.75731
4.40598
3.12448
4.82321
5.80311
5.45382
0.880957
0.777245
1.32799
0.857115
1.35303
2.2006
6.66022
6.18219
6.22511
5.9092
6.68526
4.15564
5.92828
5.40614
2.73108
5.85079
3.9804
19.7935
12.4168
9.64761
6.60419
6.51479
4.38929
4.61459
3.0911
13.206
6.04749
2.92897
7.10726
3.49522
0.611544
19.4871
2.53439
1.99795
18.1198
4.62532
1.66893
14.6198
6.3324
1.70946
5.18203
5.93781
5.62429
10.7908
4.73499
15.6319
5.46336
18.7027
4.462
7.15375
1.64151
0.650883
7.6592
0.298023
7.25627
0.616312
1.96218
0.668764
0.275373
0.207424
2.06709
2.18987
2.10285
12.0962
5.66125
0.792742
8.02875
0.573397
0.693798
3.14116
7.02143
1.06454
1.81437
10.3831
3.14355
6.68526
1.44601
5.63622
4.46439
5.30601
15.3029
2.35319
2.03252
0.661612
0.675917
0.687838
2.46525
1.77383
1.98126
2.2912
2.98262
0.910759
0.966787
1.30773
0.715256
1.56283
0.803471
3.98636
1.477
0.840425
0.494719
1.54853
0.456572
2.36988
2.79784
1.9896
2.28405
4.01139
0.441074
2.42829
6.72221
0.828505
0.969172
1.2219
0.9799
1.03712
1.12176
2.68698
0.813007
0.741482
2.14934
0.71764
0.69499
1.34706
0.54121
0.323057
0.323057
0.634193
0.407696
0.95129
0.292063
1.70708
0.323057
0.319481
0.326633
0.348091
0.325441
0.325441
0.959635
0.373125
0.333786
0.339746
0.333786
0.2563
0.741482
0.26226
0.363588
0.605583
0.213385
0.867844
0.544786
0.412464
0.240803
0.231266
0.43273
0.429153
0.571012
0.296831
0.48399
0.28491
0.194311
0.226498
0.226498
0.189543
0.287294
0.232458
0.255108
0.290871
0.268221
0.516176
0.624657
4.20332
0.773668
10.1244
0.809431
1.44243
1.24097
0.553131
15.62
2.08378
1.18494
0.473261
1.23382
0.901222
0.966787
5.04375
0.399351
0.692606
6.33121
7.22408
4.01139
4.03643
3.23892
0.61512
0.391006
0.294447
2.03013
2.68817
3.8743
2.96235
1.57356
1.12414
2.7597
0.855923
7.81417
1.47462
0.526905
0.350475
1.98245
0.966787
2.00629
0.631809
0.816584
1.81675
0.571012
0.342131
0.870228
0.660419
0.53525
0.749826
0.619888
0.647306
1.76787
0.697374
0.510216
0.655651
0.92864
0.931025
1.3566
0.735521
9.05395
0.662804
2.58207
0.691414
0.662804
0.767708
1.07765
0.785589
0.596046
0.669956
0.540018
0.952482
0.866652
