0.413284
0.79792
1.12604
0.285162
0.810679
0.384115
0.553904
0.935169
0.629174
12.3042
4.7013
1.3151
0.269273
0.595311
3.93933
0.904687
0.815885
0.169789
0.166409
0.186199
0.166148
0.166921
0.166399
0.463808
0.441149
3.08802
3.44765
1.96146
1.50287
0.90912
2.15963
0.995323
0.427607
1.28203
1.58787
1.21236
5.30362
0.737906
4.90189
17.122
0.524521
1.32799
1.8394
0.129938
1.6439
3.9506
2.49982
3.74556
2.14219
13.4051
0.724792
4.16279
1.42455
0.51856
0.572205
0.79751
0.203848
0.721216
1.04547
1.11938
0.745058
0.923872
1.05262
1.39952
1.52469
2.05278
1.00255
0.18239
0.226498
0.510216
0.802279
0.319481
2.27928
0.457764
4.60744
0.274181
1.81913
1.33514
1.32799
1.42097
1.50084
8.69274
1.58072
1.79648
1.41144
1.58429
1.24097
1.65343
1.71781
0.863075
0.822544
1.24097
0.298023
0.68903
1.39475
9.16123
0.734329
1.02639
1.07765
0.468493
0.832081
3.02434
3.36647
0.537634
11.0483
8.73804
2.67506
0.946522
1.508
0.934601
0.692606
1.09792
2.27332
1.43886
1.20282
1.57475
1.24454
8.63552
6.38843
0.238419
4.60625
2.36273
0.959635
12.4359
3.41296
3.45349
1.72257
1.02162
7.09653
3.87311
3.77417
0.767708
4.97699
3.9196
3.31044
2.83003
3.6943
2.141
3.82423
2.06709
1.70827
5.28812
1.09076
1.73211
0.981092
13.1071
0.584126
0.318289
0.590086
0.2563
0.25034
0.599623
0.966787
0.803471
0.257492
2.79546
1.54853
0.605583
0.920296
0.585318
0.901222
0.522137
1.66535
0.470877
0.481606
2.17676
0.568628
11.3547
0.334978
3.06249
4.71354
7.80106
2.19345
0.603199
0.48399
0.504255
0.613928
0.380278
3.09825
0.915527
16.7584
0.406504
1.90139
0.319481
1.5521
1.85966
11.0662
0.259876
0.559092
0.686646
1.5676
1.53542
0.537634
0.559092
0.48995
0.600815
0.709295
0.587702
0.566244
0.575781
0.624657
0.840425
2.16126
0.309944
1.87993
8.32796
1.66059
0.380278
10.5762
0.268221
0.870228
2.12312
1.1301
0.665188
0.602007
0.652075
0.722408
0.598431
0.702143
0.383854
1.41144
0.728369
17.0588
5.70297
0.61512
12.2809
1.6737
2.41756
1.30415
0.916719
16.4735
1.46866
0.386238
0.706911
0.753403
0.720024
0.375509
0.728369
2.78115
0.383854
0.642538
0.331402
7.84993
0.38743
1.54495
0.658035
0.593662
0.821352
0.412464
0.830889
0.858307
12.2201
0.659227
0.376701
0.613928
0.572205
2.27332
2.12193
0.35882
0.822544
0.977516
1.4019
0.77486
12.7625
10.5488
0.679493
3.03864
0.523329
0.383854
0.702143
8.75235
2.76566
0.550747
0.74625
0.534058
0.622272
0.547171
0.698566
0.375509
1.73092
3.7396
0.275373
0.771284
4.36306
1.95146
0.709295
14.8499
0.724792
0.718832
3.80397
0.747442
0.751019
0.299215
0.280142
2.2316
1.82509
4.21047
0.454187
0.536442
0.884533
0.725985
0.755787
0.714064
0.745058
0.785589
0.69499
0.455379
1.99199
0.886917
1.60456
0.724792
16.6118
0.339746
3.8445
0.338554
1.82748
4.51922
4.99129
1.07884
0.817776
1.08361
0.679493
3.55363
1.20759
3.93867
0.447035
1.86086
5.10931
3.47137
0.554323
3.32713
3.04937
0.619888
0.606775
0.559092
0.61512
0.942945
0.456572
1.85609
2.58684
0.754595
0.747442
0.338554
4.03047
0.379086
3.35693
2.19941
0.4673
2.97189
3.73006
0.64373
1.86086
0.456572
0.790358
0.79751
0.661612
0.513792
0.429153
0.338554
3.00169
0.648499
0.58651
1.02878
9.5439
1.86086
1.29819
0.581741
0.920296
2.17438
9.79185
0.395775
2.35558
6.78778
2.25902
1.54734
0.436306
0.597239
13.1595
12.8365
13.293
12.207
14.5054
15.08
11.9495
13.2358
12.0926
1.66416
4.80771
3.62158
0.863075
0.858307
0.684261
4.57287
0.761747
0.38147
3.16739
0.910759
0.360012
0.74029
5.45144
1.75714
0.360012
0.640154
1.63674
9.08732
18.1997
0.674725
9.05514
1.06931
0.686646
9.29236
0.704527
1.69992
10.2127
14.8404
1.84774
0.718832
0.760555
5.23329
2.77162
0.633001
0.718832
5.98431
3.74317
18.6217
3.90649
2.53439
0.727177
5.51224
5.31793
0.62108
0.590086
13.5493
11.2796
1.31369
0.90003
0.721216
0.755787
0.449419
0.963211
2.70128
4.83513
0.880957
4.27246
0.517368
0.494719
2.94328
3.91006
1.36971
15.8143
1.07527
0.709295
3.77059
0.619888
0.716448
0.375509
0.288486
0.600815
9.62734
2.22921
0.653267
1.71065
0.647306
3.57151
0.613928
2.88606
0.640154
0.747442
11.071
2.11239
0.451803
0.799894
0.367165
2.03133
0.46134
0.897646
4.40478
4.55856
3.76582
3.17454
4.29749
4.51565
0.530481
0.633001
0.668764
0.647306
0.642538
0.686646
0.650883
2.6381
0.839233
1.8394
3.46899
13.2346
0.89407
6.49571
1.24335
0.824928
0.460148
0.646114
0.275373
1.61529
1.27077
1.84298
4.83632
11.7064
11.2307
1.5533
1.1158
0.4673
0.82612
1.61767
0.799894
0.627041
0.926256
0.369549
1.29223
5.29528
3.23415
0.886917
0.35882
3.36766
1.06573
0.497103
0.758171
3.59178
0.669956
0.599623
0.427961
1.18136
1.10865
0.293255
1.01209
0.211
0.281334
0.454187
0.259876
6.07729
1.94788
7.90477
13.7448
4.72069
3.90172
0.488758
0.373125
0.599623
2.11358
0.337362
0.504255
2.13385
0.333786
0.511408
2.49743
0.362396
0.523329
2.39134
2.45214
4.58717
6.68406
1.08361
2.55227
0.388622
0.289679
1.59025
4.9448
0.4673
0.337362
2.41041
0.270605
4.78268
0.612736
0.385046
7.19309
0.588894
0.212193
0.218153
0.613928
0.650883
0.424385
12.8627
7.80582
19.325
5.45502
2.10404
3.6931
3.10659
1.52946
4.4024
1.27196
13.808
3.75271
6.19769
3.20077
8.81672
16.5784
0.749826
10.5727
4.38213
1.67489
9.30905
19.7804
1.86801
4.29034
4.42147
3.45111
1.1754
13.2465
2.77877
14.5209
8.31008
6.33121
3.57747
14.2276
7.91788
0.640154
6.54817
0.303984
7.39813
9.6643
2.27809
16.9992
4.62413
13.33
1.57595
2.2018
3.75628
1.80006
4.47512
3.97682
3.12924
1.04904
12.3656
10.283
0.406504
3.78609
7.05957
7.42793
4.05192
15.6975
2.35319
14.987
3.5727
6.35028
6.87838
5.67675
8.00014
4.51922
2.47121
1.30415
13.9213
3.19958
4.86732
4.13418
1.95742
5.99265
1.5521
2.352
5.04613
0.87738
1.24931
1.44243
0.944138
0.514984
8.81672
1.7333
3.52502
1.97649
1.84298
2.8193
1.78099
1.39713
10.8027
3.15428
6.15001
2.4724
1.47462
1.30057
1.5676
3.50475
1.34945
18.4786
11.9054
2.61545
0.622272
2.06709
13.0546
2.32935
0.441074
7.3576
2.79665
1.96695
0.17643
1.3423
2.25306
1.69873
3.87788
0.807047
1.48654
8.38757
3.06726
9.47356
2.87652
5.50032
0.429153
1.68562
4.45008
13.9487
1.81437
6.09756
1.64747
0.126362
1.00255
0.795126
1.01924
2.97189
0.755787
1.90377
4.36544
1.00136
2.04802
1.48177
11.3165
0.827312
1.62244
8.52466
9.46164
3.32594
3.12805
2.23756
1.63794
3.69072
8.72254
8.54969
18.878
2.61784
16.1779
0.625849
4.04239
12.7387
5.42641
5.84006
3.42488
2.66552
5.55038
8.80122
3.60847
1.719
17.2651
2.3222
2.48075
4.50373
0.423193
19.1808
4.59194
1.07646
1.08004
3.17454
3.94583
3.42488
3.07918
1.95622
19.3965
4.07577
2.46882
9.42707
4.94719
12.7196
2.85864
1.65701
0.370741
3.37481
3.9947
3.71575
8.29816
2.79188
3.15547
2.12431
0.497103
15.7011
4.87804
2.52485
2.44617
4.02451
3.17216
1.93477
13.4492
2.89917
2.73585
1.18971
2.61664
4.14133
4.34995
2.07543
1.92404
1.57356
1.03593
1.055
2.64645
7.05361
15.4924
10.3033
14.5733
2.96593
2.00152
0.784397
7.12514
0.975132
15.2993
7.47561
4.07696
1.62005
10.5524
3.54886
0.954866
3.50237
9.50813
4.52518
3.23415
0.175238
1.10507
0.506639
0.402927
1.18613
3.13401
0.989437
1.29819
1.34826
3.60727
1.05381
1.12534
0.504255
0.379086
1.28984
3.71695
0.890493
1.25051
0.473261
0.356436
1.21117
3.47614
0.976324
1.09911
0.554323
0.369549
1.24574
2.98619
1.01805
1.23739
1.21117
7.46489
1.01805
0.568628
0.401735
1.18136
3.19481
0.844002
0.991821
0.509024
0.357628
1.22547
3.45349
0.916719
1.69277
0.603199
0.344515
1.13249
3.21746
0.827312
1.11222
1.09196
3.2258
0.854731
0.962019
0.472069
0.351667
3.32236
4.64201
1.51038
2.83837
1.36375
1.26123
2.61188
6.5577
0.909567
1.49131
1.19328
1.19567
2.35081
3.42131
0.808239
1.11341
1.10865
3.23176
0.810623
0.967979
0.497103
0.343323
1.1313
2.89321
0.864267
0.938177
0.499487
0.332594
1.13487
3.18289
0.833273
0.991821
0.534058
0.319481
1.20878
3.18289
0.821352
1.08242
1.10865
3.32713
0.863075
0.960827
0.532866
0.363588
1.25051
3.03745
0.97394
1.12414
0.510216
0.351667
1.68085
3.48568
0.997782
1.70827
0.587702
0.355244
1.57833
3.07441
0.976324
1.26243
1.20997
3.32117
0.972748
1.07765
0.516176
0.370741
1.22428
0.445843
3.2711
3.79562
0.522137
0.883341
0.66638
4.40478
0.907183
0.858307
16.5224
0.853539
0.809431
13.0534
6.78658
0.35882
1.29938
1.11341
1.16587
0.699759
0.38743
1.3566
0.468493
0.596046
1.77383
0.742674
1.03235
4.74453
0.696182
1.91689
3.13997
3.2866
7.77125
0.478029
16.8598
0.985861
1.08361
1.74999
1.72377
1.82867
1.7941
3.78847
1.77503
1.85251
1.77383
1.74165
1.77264
1.35899
1.76549
1.82986
2.31624
2.16007
2.90155
18.7826
1.75595
1.70469
1.69039
1.62482
1.64509
1.11222
0.574589
0.504255
1.54376
1.51157
1.25527
1.56879
7.36594
0.593662
1.45197
0.970364
1.46985
1.62482
1.63913
0.296831
0.74625
0.663996
0.472069
1.01805
0.355244
1.5676
2.05517
1.42455
1.4317
1.48654
1.52469
1.46031
1.44005
0.855923
1.48892
1.52588
1.46985
1.6582
1.4472
1.57356
1.45912
1.45197
1.47581
1.50323
1.47581
1.49608
5.49674
10.4022
8.68559
1.60336
1.477
2.13265
1.49846
1.42574
1.44362
2.01344
1.477
1.43051
1.46985
1.42932
1.42336
1.39713
1.40548
1.4174
1.46627
2.34723
2.07663
1.49369
1.45316
1.55449
1.52707
2.03013
1.50681
1.56641
1.49727
1.51396
1.58906
1.50919
0.898838
0.927448
0.901222
0.946522
0.913143
1.55687
1.54853
1.53065
1.59144
1.688
1.57237
1.7345
1.56283
1.59502
1.55568
1.50442
2.14577
1.80602
1.57952
6.42896
1.65105
1.60456
0.802279
0.538826
1.57356
1.56164
1.50442
1.60456
1.51038
0.163317
1.51157
2.13861
1.49846
1.61767
1.78695
0.910759
12.5241
1.77383
0.429153
1.61409
1.5676
0.863075
2.5785
1.46508
0.855923
0.622272
0.809431
2.80976
0.17643
3.46541
0.721216
0.834465
16.6941
4.76956
19.275
4.34637
0.308752
0.679493
0.553131
0.417233
6.12259
0.0858307
9.15766
1.91331
0.822544
0.630617
1.31726
5.13315
1.46389
0.838041
4.17352
7.54595
12.4252
0.576973
0.634193
11.3511
0.385046
1.16944
3.74317
1.46389
1.37806
7.24554
1.22905
0.897646
12.7709
8.41618
3.40223
15.862
1.44958
2.10643
3.07798
18.5645
4.72069
9.10878
3.46303
2.99692
6.84977
2.04921
3.57628
8.29577
7.86662
6.73652
4.43578
14.2181
3.80278
9.7692
3.82066
2.95639
3.76463
16.1719
16.731
6.58274
10.5
0.383854
4.87089
4.5085
0.271797
18.6586
3.74913
0.295639
0.33021
0.380278
0.373125
0.368357
0.375509
1.92404
6.54101
0.803471
2.1708
1.52707
3.73244
0.407696
0.562668
0.866652
6.05106
11.6789
0.612736
0.716448
0.485182
0.654459
0.668764
0.616312
0.730753
0.771284
0.718832
0.479221
19.7399
3.37243
2.64525
14.1025
4.70042
0.685453
0.625849
0.611544
2.55227
0.99659
4.46081
1.15514
7.96199
0.58651
14.6568
1.15275
1.15633
1.75118
1.1909
8.60691
2.00868
0.890493
1.06215
0.708103
3.07202
0.674725
1.94669
7.53045
3.04103
16.9027
7.55191
0.817776
0.755787
0.660419
2.1565
0.766516
10.4284
0.59247
1.20163
0.702143
0.594854
0.952482
11.1604
2.01941
0.365973
1.31249
1.48177
4.22955
1.83463
0.756979
10.5464
0.581741
0.911951
0.760555
1.32561
1.08242
0.944138
0.373125
1.06573
1.27554
0.59247
0.329018
0.344515
0.548363
0.849962
3.14832
9.36985
0.685453
1.14083
0.344515
2.90275
6.36697
0.995398
0.700951
0.698566
0.596046
0.443459
0.48995
1.35183
4.09722
0.936985
1.10745
0.503063
0.374317
1.22428
3.35217
1.54257
1.04189
0.501871
0.367165
0.745058
1.07646
1.64509
1.92642
0.458956
0.349283
0.653267
0.674725
0.551939
0.5126
0.553131
0.413656
1.06692
1.85966
0.851154
0.355244
2.20895
0.373125
2.93732
0.696182
0.710487
0.509024
0.87738
11.9877
1.27792
4.69208
0.680685
1.74642
0.776052
2.9397
17.6644
1.36495
1.28508
0.802279
1.77145
3.15547
0.734329
0.69499
0.596046
8.79526
0.648499
6.68406
0.931025
0.67234
0.721216
0.545979
0.616312
0.538826
0.647306
3.70383
0.417233
1.3411
1.75238
5.35369
5.47409
0.594854
0.346899
1.01924
1.11222
0.337362
7.39098
0.779629
0.988245
0.443459
0.504255
0.485182
1.67489
0.663996
7.10487
1.10388
1.25527
17.6787
0.386238
6.78658
0.956059
0.674725
2.77162
12.7339
9.01103
0.665188
0.953674
5.93901
0.686646
0.692606
5.09858
1.28388
5.72324
3.45945
0.69499
5.73993
0.375509
1.18613
0.785589
12.1975
0.634193
0.578165
1.02162
1.24693
1.14441
13.8688
0.857115
1.02758
0.46134
0.691414
0.700951
0.585318
3.8147
3.51787
1.69873
0.849962
1.88231
0.411272
1.99318
0.759363
0.618696
0.499487
10.2401
1.01805
0.0882149
0.712872
1.30653
16.1421
10.9887
0.561476
1.21951
1.17421
11.4214
13.6375
1.67847
2.5177
1.23978
1.78218
0.99659
0.993013
0.896454
1.17064
1.30057
1.19805
1.17779
3.17931
1.20163
1.22547
0.133514
2.25306
0.686646
8.41856
7.71046
2.12789
1.46747
2.83599
2.14338
7.23958
3.89576
3.33548
0.936985
6.57082
3.57628
2.24471
1.07765
4.74453
1.26123
1.62363
0.51856
2.58207
0.0882149
0.425577
0.668764
3.75152
1.09553
1.28627
1.508
0.118017
0.683069
0.931025
0.823736
1.69635
1.16348
1.65582
1.24931
0.652075
1.40548
1.48654
3.99828
1.58906
0.66638
1.9455
1.30296
1.37448
1.35183
0.874996
1.23024
0.834465
0.0357628
0.236034
0.77486
0.853539
0.715256
4.23908
1.20163
1.00613
2.41518
8.98123
0.71764
4.51207
0.619888
1.80602
5.84364
4.16875
0.727177
1.54018
0.606775
0.972748
0.478029
16.7632
0.516176
8.986
1.42217
1.90139
1.79172
0.976324
3.67165
3.20435
2.37703
1.93238
0.580549
0.762939
1.65462
1.32442
1.39832
1.23143
1.1158
0.994205
1.42813
0.480413
0.801086
0.475645
2.43068
0.311136
0.611544
1.65343
0.400543
1.91689
0.92864
2.15292
0.309944
0.654459
0.84877
0.790358
0.920296
5.89609
0.680685
2.56538
0.540018
1.74761
1.32322
0.544786
4.69446
0.59247
0.494719
0.516176
19.6064
9.71079
1.84059
0.864267
1.36375
0.963211
1.87516
1.83105
1.64986
0.354052
1.05381
0.140667
0.988245
3.89457
1.47343
0.289679
0.574589
6.21915
4.07577
2.18391
3.39985
5.88894
1.13845
0.599623
1.8847
2.47598
1.52588
3.23415
5.68271
8.18253
0.827312
0.559092
2.81215
1.0097
0.858307
1.68324
3.39985
15.5187
1.04547
0.938177
0.48995
0.411272
1.32084
10.2031
1.02997
0.942945
0.505447
0.345707
1.62601
1.01328
1.07646
0.534058
0.371933
0.544786
0.427961
1.44601
1.20044
0.940561
0.507832
1.37448
1.56641
1.01209
0.940561
1.07646
0.824928
0.392199
1.40786
1.18732
1.32203
0.633001
0.572205
0.706911
0.437498
4.82082
0.696182
0.82612
1.23858
1.87039
0.633001
1.57237
2.02537
0.61512
0.609159
13.1869
0.524521
0.748634
1.59979
0.866652
6.04749
1.06931
1.86443
16.0408
0.845194
2.20656
16.9444
0.662804
0.934601
18.4429
2.48671
0.567436
1.56641
0.965595
11.1449
0.630617
1.23739
1.22905
4.66943
0.885725
0.867844
0.56982
0.845194
1.71304
0.499487
1.13726
0.771284
0.926256
0.514984
0.665188
6.74963
0.436306
9.67741
0.554323
19.4979
0.745058
0.671148
12.6135
3.17335
0.7689
1.12891
1.03831
1.01924
1.59025
1.66059
0.625849
4.56691
0.640154
6.55293
0.786781
1.97649
0.629425
2.7132
10.0803
0.760555
1.22547
0.476837
7.08818
0.464916
0.710487
2.84672
1.6439
1.19209
7.03692
3.90053
0.916719
1.01924
11.7314
0.513792
1.36137
19.8269
0.468493
3.57151
0.468493
0.611544
0.636578
1.4019
1.05023
9.36151
3.57628
0.708103
1.23501
0.675917
