1.2029
0.9923
4.8638
6.6565
5.8856
3.8228
5.5979
6.7744
4.2863
0.413
0.1359
0.8463
7.4717
1.7486
6.0522
1.7769
6.5779
5.1374
0.7395
7.8991
2.1736
1.9782
0.6548
7.6256
6.3063
4.7238
6.6593
3.1907
2.3921
6.3651
4.1199
4.4793
2.3151
1.6767
5.1768
5.8129
7.3561
4.9585
2.8625
3.3614
1.4178
4.3445
1.7191
2.7716
7.868
7.6694
5.6212
7.1634
2.9371
3.2807
6.3214
1.1396
1.8814
6.0057
1.4308
0.7677
2.0986
4.5499
6.7391
4.1376
3.1226
0.4347
6.2512
6.7094
4.4692
5.3848
2.6757
7.7275
0.1561
0.2462
7.523
4.8764
6.8384
2.4261
1.6889
2.1382
7.6837
5.6462
4.0581
4.7946
0.7713
0.0545
1.6927
6.0858
2.6716
5.6422
3.4204
7.8907
4.328
7.9574
4.4748
7.9165
3.7419
0.1377
6.5855
4.965
2.5219
4.6246
0.9865
6.674
0.0677
6.2316
2.4903
6.7124
1.4924
5.8592
6.4969
1.0777
4.6512
4.0538
1.4464
5.776
7.0234
7.3504
7.4442
2.2937
5.7346
0.2679
1.6186
3.296
5.9277
2.4987
5.1633
7.1392
4.1149
4.021
0.812
4.6986
2.7087
3.6518
6.1706
2.7081
2.3306
4.7946
4.1212
7.5992
2.1946
6.752
0.907
6.5169
6.7719
3.7719
7.8177
2.146
0.3458
4.3422
7.0949
4.3304
1.1231
3.0529
6.8279
7.4857
3.8576
7.5645
5.3319
1.8945
0.7077
1.5921
0.5541
5.8338
2.6827
4.2475
7.7563
4.3152
7.2046
3.5722
4.8508
3.7614
1.7915
3.5406
5.9139
2.9633
7.4677
0.5839
6.6752
1.6382
7.7178
6.4483
0.3563
3.952
4.1338
4.7453
6.6111
7.047
6.2451
0.3721
7.3033
6.8413
5.6385
0.382
0.7927
5.7667
5.5198
5.1433
0.0142
0.0883
4.2629
1.8748
2.8057
7.407
6.3015
0.2567
1.6258
3.9533
4.7974
3.9817
7.5835
4.984
3.3007
6.4076
3.6637
1.1439
4.5726
6.4063
5.8253
1.0523
1.6987
0.2292
1.5422
4.0143
4.0414
6.4863
1.1715
2.7013
1.3413
2.6443
1.3151
0.9401
6.8128
3.5718
7.3537
6.8234
2.8613
5.6631
5.9953
1.7082
0.3645
2.0212
0.6811
1.2663
4.6561
0.2062
1.1765
0.4764
4.5432
5.6282
6.2959
6.0135
0.2737
0.1419
7.6905
1.5739
6.7496
5.0402
6.2616
0.8253
5.4127
3.731
5.9916
1.2351
1.2041
6.2895
0.3455
3.5002
0.2329
1.2567
4.4441
7.8494
1.9177
6.128
4.2195
2.416
5.4007
7.3782
2.4494
1.7473
5.1777
1.7197
0.4435
2.7034
5.9846
3.4518
7.1222
0.3448
7.6708
1.9055
7.6568
4.072
3.1258
0.5002
0.4449
1.4358
2.5658
1.4577
5.7476
1.933
5.2094
3.3718
2.2532
0.314
3.1512
5.4479
6.0691
4.5856
5.393
7.7881
4.1032
7.9035
7.3618
6.1695
1.5224
2.1547
4.58
5.6154
6.6548
5.7951
7.6484
4.9211
6.0563
0.7028
4.1085
7.4598
3.1243
7.9799
1.3476
5.7882
0.5322
6.2277
6.3914
0.8667
4.7381
0.9155
2.1628
6.73
5.9514
1.1945
1.0996
2.6345
4.8421
3.1516
6.7695
4.503
4.2422
2.0121
6.1248
7.8003
0.2424
1.8533
5.5499
3.0726
5.9907
2.7733
6.7806
5.6381
6.3417
4.9669
3.4842
1.3604
1.7126
6.6781
5.0869
6.1261
6.9036
6.6823
6.8602
2.7085
6.1499
4.5953
7.9115
3.0773
3.7374
7.5347
3.7696
0.2599
5.5851
2.4568
6.3724
2.4414
4.2032
7.0734
3.2737
2.7941
1.1567
6.2121
5.396
3.5268
0.6917
4.1457
7.3594
2.8236
7.0079
5.2971
2.5915
1.9194
6.8425
4.2259
7.3958
6.5928
2.8403
5.6539
7.0841
6.8949
5.772
6.3143
3.9934
6.0289
0.7003
3.0553
5.8702
0.1378
5.4359
1.3531
2.6769
6.2136
2.0274
4.4824
2.4347
1.8169
7.1793
7.3446
1.6659
1.6283
0.0212
4.9343
3.1464
3.9698
2.0643
7.3511
3.3746
3.6289
7.9082
0.6926
2.2464
7.3645
3.6587
2.1453
5.8111
0.4672
3.9577
1.3688
6.9577
5.8298
5.3901
4.1343
1.8855
7.4435
3.3212
2.122
6.1405
7.7473
7.4951
4.5514
1.3807
2.3694
5.0278
2.3644
2.659
1.8502
1.8517
6.3144
5.3104
7.5263
4.3006
5.6812
3.9154
3.6183
1.4939
6.173
6.3284
5.9292
0.0954
4.6654
0.5605
4.8018
7.4118
6.8468
5.4763
2.8687
5.3212
0.3678
2.1729
6.785
7.4931
5.6389
5.1195
3.1682
2.9932
3.8208
0.576
2.9394
6.1557
4.6878
0.3831
2.8643
2.8303
7.1523
3.988
2.2427
6.0945
3.5109
7.1054
3.4737
0.7696
0.4865
4.546
1.7753
5.0009
4.2894
0.279
0.1659
1.6844
1.7538
3.0347
1.5402
0.0894
5.7233
2.7616
5.5481
7.2333
2.8629
4.9865
5.0907
2.5018
7.5511
7.3318
3.0035
6.8638
0.3541
7.4792
1.7204
6.6287
2.4895
5.448
2.1277
7.2469
5.2541
7.7884
4.0364
0.6815
0.8252
1.8869
1.3612
1.3815
6.8352
7.7519
6.8384
5.3289
3.2276
2.153
0.8507
5.8824
7.0221
7.4911
1.6746
4.4822
2.121
2.1687
3.5433
1.8425
6.4767
0.9573
3.2287
4.4894
0.6577
5.4055
6.426
5.8509
1.2966
5.2821
1.1956
5.2331
5.7414
3.0806
0.0085
6.9215
1.8396
1.9024
1.3417
1.4395
7.5529
2.5832
2.6263
3.3148
2.4204
7.6831
3.7443
6.7755
1.8016
5.8046
4.8861
1.6376
5.837
0.5641
3.8795
6.4089
3.6457
0.5621
4.282
7.3177
5.1486
2.2272
1.1994
0.0408
3.7063
6.6883
3.5807
7.1288
5.3748
6.9513
6.7421
1.3958
3.2761
7.5057
0.164
3.3445
7.3395
5.2176
1.9257
5.3382
1.475
7.6994
4.2603
0.8609
1.6453
5.8139
1.3245
2.4126
0.1448
7.7989
7.7209
4.8564
4.9078
4.9866
0.6961
4.6845
4.0027
1.699
6.7205
2.4088
1.3425
0.6145
2.2575
1.6894
7.7141
6.5799
0.1982
1.8318
0.4915
7.6405
6.7964
1.0246
5.0981
2.2514
2.5955
4.8078
3.5589
1.6698
6.7176
0.4821
4.5467
5.5189
0.5728
7.69
6.4883
2.7762
2.2998
4.4971
0.5557
2.5986
1.4588
2.9612
7.8544
7.3792
1.891
0.7782
6.3241
2.4875
7.9571
3.4435
4.2618
4.9292
4.0124
7.918
4.8109
5.606
6.7483
0.6633
3.6158
2.079
4.2954
6.4499
4.3769
6.177
0.7121
1.2386
5.9315
6.5398
1.2634
2.4873
6.0385
3.1186
7.9378
5.4568
0.5287
4.0189
7.5009
1.9771
5.2847
2.5775
6.5642
5.3665
0.3831
1.6083
5.9391
1.7562
6.9033
7.4469
2.0974
0.0786
1.2213
0.1517
4.2352
4.8962
3.0393
1.8391
0.3862
6.4582
1.2773
0.7037
2.2665
4.3763
1.2624
7.092
4.6665
5.2384
4.9915
6.0609
3.2558
7.8503
5.7725
6.6532
6.2321
1.0844
6.019
4.6095
3.9648
0.4305
7.9058
3.1253
0.5247
7.9798
1.0706
2.5864
3.0662
4.3307
3.06
4.2318
4.245
0.9952
2.6184
7.5059
6.4831
3.2891
5.9526
3.569
5.895
4.5879
4.8454
1.5576
4.4664
0.3274
6.9021
4.4453
6.7582
1.6473
4.4497
0.609
3.4855
2.6535
2.3388
1.3899
2.5387
0.4726
2.173
5.0204
0.8597
2.1273
1.3347
0.8192
6.6281
3.7295
0.651
3.7076
4.266
2.8824
3.9633
6.5562
6.6093
1.9319
6.5487
5.0085
7.1066
0.3945
6.566
6.7628
4.874
0.9089
3.6812
2.4287
0.9261
6.1135
5.2309
2.0192
0.3436
5.1332
5.3711
7.2819
4.5213
0.7014
2.4404
4.7122
3.0833
0.6278
2.3755
7.1044
6.5862
4.6124
2.8315
3.015
4.535
4.0849
7.2508
2.918
1.0672
5.7818
4.727
6.5619
3.983
4.7258
3.6626
0.2892
5.731
5.7401
6.3482
2.8809
0.1508
1.0945
7.2325
1.9788
2.0627
4.5955
0.0034
2.1066
1.4499
4.9219
1.8785
1.6967
0.0274
1.945
3.3702
7.2082
0.2559
4.4868
3.566
7.5325
6.3135
3.819
0.032
5.5929
0.3312
3.9066
0.1657
0.9858
1.3533
2.8012
2.9237
7.554
4.445
2.0448
4.8773
0.2216
3.3327
7.9312
0.461
5.2675
6.6474
7.1464
2.9666
0.2077
4.1826
7.1566
4.1086
5.2307
4.0301
7.2611
4.0267
5.0557
0.6119
5.7737
5.8275
7.3779
2.1208
7.9292
3.4069
4.4287
2.2092
4.9076
2.3688
6.574
5.4135
0.3978
7.2027
1.1052
2.179
3.6417
4.4357
3.8946
3.3029
7.2848
2.9031
5.7817
7.2959
4.7213
2.5729
4.8035
4.346
5.2332
0.1013
1.5289
5.6373
6.4778
4.4334
5.859
2.5716
7.9877
0.9431
5.2702
2.3942
5.8819
5.0899
1.0697
2.6808
6.3762
0.9846
0.2723
0.7976
7.1464
5.3007
5.8092
3.0932
6.4607
6.5171
3.5784
3.5428
0.7428
5.5565
5.7867
1.0313
5.5081
5.4283
7.9105
5.4239
5.7937
7.7372
2.7286
0.9748
0.2876
2.7929
6.0921
6.5186
5.6811
3.974
2.9893
7.3269
4.4173
0.2355
6.0178
0.6105
7.6023
3.5217
4.6964
5.9384
0.5676
4.8052
1.2657
3.3162
4.921
5.8872
3.944
3.0189
4.7305
7.445
2.6646
5.7
3.9165
2.4178
0.7148
1.3829
1.8111
1.4534
4.4773
1.9107
4.0392
7.5085
7.4271
7.5138
3.0443
7.3168
2.9516
3.0356
0.1369
0.3362
7.088
4.9596
4.9577
0.6927
2.1454
7.7584
6.7371
6.9027
5.0218
6.0235
1.0919
3.538
2.7982
5.0492
0.4099
0.8688
5.9754
7.1587
5.8159
4.7246
3.3426
2.4232
5.758
3.6767
6.4068
2.4479
7.37
2.8245
4.4508
6.1706
5.9023
1.3359
0.085
3.0581
3.6759
3.396
5.8765
1.5858
7.8388
3.0683
3.3828
1.1459
6.3741
7.0729
7.3038
6.5322
2.6327
4.9632
3.9364
1.9082
0.1043
1.0608
0.3759
0.1838
5.5966
1.3395
0.8835
4.2896
3.9113
2.4481
6.5129
3.0539
7.9612
3.4972
6.6058
6.7906
0.4425
0.5515
5.8512
0.5814
5.2426
6.9182
7.7456
7.0675
3.3999
0.7091
5.0933
1.309
6.4148
2.051
6.437
5.2193
0.5392
6.9498
6.7046
7.2915
4.5483
0.0598
3.6194
6.1845
6.4306
0.5453
7.2928
2.7814
0.3672
7.8897
3.6615
1.3417
2.7466
0.1628
3.2776
5.2927
0.4616
7.3
4.9458
1.7643
1.2275
0.4423
2.1005
1.0706
7.9512
3.271
7.5821
2.21
3.244
5.2968
1.5829
4.4738
7.8799
5.6185
5.6089
4.3392
3.3394
7.3067
4.2904
1.0605
5.4568
5.655
1.6033
0.6818
3.0918
6.8722
4.2104
6.037
2.037
0.261
2.9418
6.5961
2.5739
5.9338
1.8877
3.6171
0.7373
0.3519
5.0602
1.5636
0.2104
4.0687
4.2153
6.3588
3.574
3.6302
5.6084
6.469
5.7278
2.7469
1.5944
2.1059
5.8858
3.9059
1.9649
6.6514
3.0703
5.1644
3.9137
2.5787
6.2883
7.8658
4.9598
1.8639
6.3115
1.6205
5.9651
0.8581
4.0721
4.3356
6.9637
0.7799
7.9199
0.2075
4.5889
0.105
1.3796
5.583
0.9701
4.6415
7.3631
1.5979
3.3751
6.5809
1.787
6.125
2.2323
2.3651
5.1789
4.3802
1.5167
6.5126
2.2954
5.2312
3.6061
1.6667
5.3383
2.5362
3.8893
1.2797
1.7063
3.9015
3.7075
5.9811
0.1392
0.553
2.7692
3.6839
3.0523
5.6786
3.3666
4.0216
6.8288
3.946
4.0892
2.6677
5.1408
7.1285
1.492
6.2948
6.6735
5.2639
4.8451
5.4202
1.4967
4.7546
3.8528
2.7869
7.7083
0.2572
2.5098
4.0269
1.7792
0.8593
3.739
3.2576
0.4973
3.4554
6.1587
0.0865
3.2001
1.4495
2.3205
6.8379
5.9805
2.9386
3.3237
7.5147
3.4051
5.4534
4.7515
1.9773
1.2465
4.5091
6.9155
5.7364
1.3814
7.4113
6.49
7.4903
0.593
0.3731
1.0487
5.9485
5.0221
6.3334
3.7037
3.3203
6.7524
4.4513
0.3711
5.3485
5.9155
0.9584
0.6088
7.313
7.2519
4.3111
4.8227
2.3125
0.3498
3.5242
1.2426
5.1147
1.3756
3.6848
6.6051
1.3547
4.3036
3.4666
7.6624
7.7563
4.8584
6.0611
7.8815
3.6911
1.5025
7.3492
5.6863
4.7717
4.9507
2.1456
3.2068
1.9989
3.5038
2.3222
7.1168
4.6985
1.7953
0.0177
7.3411
7.7688
6.6464
2.3513
5.5035
2.0439
5.1104
1.6821
4.3422
4.9315
1.5694
5.1918
0.6926
6.9075
6.0294
6.5312
7.4997
4.1219
4.5162
1.2837
0.5475
5.3741
5.4675
4.6022
6.3962
5.7071
7.8092
1.0225
1.5269
4.4485
4.2577
2.1708
3.7325
6.0259
7.8652
5.6442
2.3076
2.4665
5.2382
0.5205
1.0523
3.8006
7.5002
5.1569
3.0941
6.4856
5.97
1.6431
2.0991
6.8129
1.0483
1.7018
0.7936
4.5337
5.6826
1.5811
7.1488
0.842
5.816
3.9077
5.9105
7.263
6.1029
3.0629
0.8101
5.0405
0.936
0.2835
3.3395
0.5425
7.1691
1.5076
0.1458
0.8791
7.2464
5.609
6.6541
7.5476
7.4054
1.1197
1.561
1.3855
2.1843
4.9625
5.3153
0.2334
4.0869
2.3924
2.5011
1.4488
7.8492
1.5767
7.7864
3.5254
7.7682
7.0877
5.1233
2.047
7.9052
4.9379
7.041
1.7543
3.7204
2.3068
7.255
4.4884
2.6534
7.2475
5.9439
0.3175
4.7774
4.4376
3.7367
2.5325
7.1581
7.4486
2.4535
3.5271
1.8967
2.6438
1.0663
2.1866
7.1667
4.2695
0.8035
5.2923
0.9748
4.0559
7.8319
5.3225
4.6587
6.6709
6.4631
5.905
2.3226
3.7912
7.6611
0.1835
5.6957
0.1634
4.1996
5.54
2.7926
3.957
1.9775
2.0084
3.9094
0.6428
4.963
4.4926
2.4193
6.8642
1.7918
0.4409
5.7337
5.2238
3.2561
0.6719
7.788
4.4519
5.112
5.5213
0.6315
3.8958
1.4422
3.9534
2.3831
2.0466
3.1424
0.3304
5.0406
7.866
7.0342
3.6417
7.9818
5.9692
5.6196
6.7462
3.1761
3.3986
5.2006
5.5238
0.899
7.8422
1.3709
7.3096
7.2113
4.798
3.0731
3.1337
5.4574
7.0939
4.0725
2.8319
6.1327
1.011
1.2105
2.6679
6.4465
7.8782
7.1527
0.8841
6.0008
3.624
7.5854
0.3547
7.153
6.1651
0.044
4.4663
1.7108
3.961
2.832
7.3935
3.7946
3.3124
0.0428
6.3487
7.4913
7.0309
2.8359
3.5683
7.7422
2.9555
4.2199
4.5276
5.9507
6.2729
5.9603
5.7587
0.4013
0.6643
4.268
5.274
3.9753
3.0567
1.2934
3.3795
7.4023
2.9061
4.6561
2.6413
7.0981
7.5221
5.7815
5.6801
7.4911
5.9771
3.4965
3.7871
7.726
2.2155
0.1781
7.1774
6.32
4.7035
7.7025
2.7494
4.8576
5.6859
1.7971
5.7671
0.5859
7.8983
4.8762
5.8982
4.6351
4.0358
3.9967
4.3352
7.9674
6.0358
2.2335
3.0046
2.3618
5.843
1.4053
3.0438
4.6628
1.8513
3.1617
7.83
2.8273
6.2947
2.9063
1.2152
7.4061
6.3061
6.6646
1.7982
5.2282
2.3949
2.5811
6.8672
0.1595
3.3936
4.9867
3.3072
1.5523
2.6391
1.9329
7.7944
5.4954
1.2922
0.4186
1.406
6.1234
1.0097
5.2151
5.3122
3.4471
3.9639
7.4166
2.1956
2.8284
2.9663
6.5476
6.3028
3.3583
0.5699
1.5732
1.7
6.6027
4.397
2.8182
1.5272
1.4937
0.2918
2.6986
4.6076
0.5155
1.0854
7.845
5.7485
4.5002
1.4326
4.1052
7.0905
1.7402
6.1477
6.7251
5.9193
2.0961
2.3315
4.1922
6.896
5.5166
2.7654
1.5471
4.5066
1.137
5.2505
4.5824
6.2871
1.877
7.4259
5.5845
6.535
5.0396
2.9436
2.5793
1.7404
6.6754
2.901
3.3214
7.9429
2.1679
3.7809
6.4885
1.4619
7.3765
1.4067
2.6619
5.3032
2.8413
7.2619
6.7821
6.7072
2.9426
0.4536
5.7492
1.1058
7.5085
4.5385
0.7936
6.4921
1.7997
7.1584
0.9774
6.7696
1.0762
4.8917
4.0823
3.4927
3.6167
7.0344
1.8068
4.8195
3.6929
4.4747
0.46
6.53
6.4099
6.0628
6.465
6.1926
0.5848
0.4114
5.6313
4.2818
2.05
0.8667
4.6374
6.9578
2.3555
5.9105
7.3218
0.9564
0.481
0.2734
7.3865
0.4639
3.9642
7.9947
4.474
0.3313
0.9818
5.8165
2.912
5.3021
0.7566
0.8921
4.4378
0.3296
0.767
6.62
2.922
3.8927
7.9142
1.5362
7.7764
0.6793
1.5367
7.2408
2.1741
1.8084
4.5292
6.9855
2.7582
4.1158
0.5473
6.5896
1.4148
1.7517
4.96
1.8856
5.0959
2.4663
3.3257
0.6937
6.7378
1.942
0.2588
4.1109
1.2936
4.6639
5.7444
2.8895
1.9212
7.4229
7.2606
5.5903
7.0042
0.89
4.9327
4.4893
5.9656
0.9376
1.6754
4.1022
3.9488
2.5559
3.5909
4.742
3.3557
4.6977
1.7449
0.9238
7.7288
0.7764
2.8013
1.4785
2.1415
5.6216
3.9113
5.1144
6.0136
0.9968
2.7166
7.6092
5.7969
0.5071
2.8933
3.0108
4.9294
4.0461
3.578
3.3836
7.6024
1.6429
0.5844
5.1925
2.1671
0.8712
4.2954
1.0105
1.8929
7.2876
6.0301
6.0025
5.5236
3.4608
7.5925
6.5182
7.8585
0.1954
1.4362
4.8749
5.1904
0.6
1.0844
5.6968
6.1144
5.6677
5.4032
4.1721
4.1678
2.0869
6.9364
0.0114
1.9602
6.7678
0.6858
5.8476
7.6306
4.1857
2.5107
0.8146
7.1554
1.021
0.8066
7.8881
3.2406
1.6298
5.3411
5.4661
6.2906
6.8384
1.9507
6.5133
3.2352
4.0255
7.1987
4.742
0.9304
6.0457
7.6482
6.1754
0.6105
1.5012
2.7367
4.3516
0.9017
6.3899
5.2847
2.4311
5.9287
2.2789
3.7497
7.6742
2.0688
5.7766
3.121
7.3443
4.9365
6.1364
5.937
5.2393
6.8783
4.7473
1.3777
3.1244
5.5531
0.4539
3.3715
0.2573
4.945
1.8003
0.3671
7.001
5.5572
1.7104
5.9368
1.5286
6.8058
5.7301
7.4117
6.6464
4.5738
5.6161
0.5469
2.1333
0.2355
4.7084
2.3133
5.2384
3.5793
0.1882
1.9355
2.4142
3.4779
3.8967
7.1783
3.6828
7.8683
6.4682
1.0786
0.0845
1.3885
4.519
3.8565
2.1551
4.1647
4.5281
6.5485
4.155
3.7457
5.136
2.6612
1.1389
3.2213
6.0494
7.6147
1.9306
4.9196
7.2241
1.3121
2.544
0.9108
0.4628
1.7054
5.3789
7.6185
6.4885
4.7744
6.2354
1.8488
1.6988
3.6642
5.9349
7.7551
6.9244
7.6246
6.6146
5.2374
3.7315
7.2302
6.3374
0.2933
2.9924
0.6684
2.6907
0.0665
4.8415
5.0787
0.5387
0.9275
5.9225
3.0792
5.6774
0.4262
0.9103
0.1705
5.0402
3.3037
7.1747
2.7114
1.8204
7.6527
1.0582
0.1329
1.795
0.3372
1.0704
3.6476
4.192
1.0025
6.912
1.4933
1.6385
3.8296
0.8284
7.8072
3.988
4.4524
3.8649
1.6102
6.0104
4.8777
1.777
6.1977
7.891
3.8002
2.0352
1.6065
3.9356
3.5504
6.913
6.6659
7.7781
7.6259
1.1189
0.964
6.9812
7.3045
4.7581
2.0583
0.7256
4.8955
0.9568
2.7872
7.9776
0.4931
5.7325
0.0575
4.01
1.3376
4.1109
0.6077
1.5492
3.5003
6.9113
7.9416
3.5426
7.6524
3.3593
0.7516
5.8003
0.1039
2.6516
2.5413
7.4572
2.8087
6.5285
6.5326
7.1311
2.1372
7.2419
6.7984
7.0662
5.314
1.7317
3.9213
0.3288
2.3287
4.4095
5.5358
3.364
7.8078
1.5201
5.3306
2.1619
4.3532
4.9507
3.0327
1.1723
6.4825
0.4687
1.4643
1.677
6.1414
5.4169
6.3379
5.1265
3.4853
6.7816
7.2068
1.6233
4.89
0.4891
4.8256
4.9491
4.4
7.6566
4.6851
1.8063
0.7826
2.799
1.4548
2.8129
5.728
7.7414
6.2754
2.7019
4.6527
5.9234
3.5168
4.0082
5.1352
6.7694
7.3833
4.8562
5.2913
4.8757
3.3563
0.28
3.2113
4.3509
0.7731
6.8149
2.2818
5.8017
0.2673
3.3844
4.7202
3.8889
4.5999
1.0207
1.2984
3.3673
1.2124
3.0858
2.0375
1.0358
7.5108
6.2631
4.3436
2.6007
5.0729
0.5008
2.9567
0.4918
4.8535
4.3223
1.0584
5.0014
4.0373
3.9353
2.9687
1.953
7.4272
5.0633
2.3492
5.4799
2.1444
6.5419
2.9295
1.8974
3.9321
4.4106
3.7976
6.5962
1.7792
0.0623
2.8637
0.6196
7.715
5.6932
6.5588
2.0693
0.4486
7.5561
5.3991
1.7584
2.4599
7.6831
7.564
6.4537
3.5561
5.7287
4.557
5.1562
1.0584
3.5917
2.6581
7.1682
2.5356
5.4376
4.0339
1.0502
4.7731
1.3619
2.2681
6.693
2.5076
2.7738
5.4448
4.2683
5.2651
3.5413
5.6775
3.083
2.9171
7.5565
2.8809
3.9483
5.3536
1.1673
6.6174
1.1932
1.347
3.6994
7.5681
7.938
6.9785
3.7833
4.5182
4.7037
3.2819
3.0296
0.4814
2.1882
2.0288
6.2611
0.658
5.2398
6.8096
0.8009
4.9127
1.8274
6.8564
7.7495
2.1257
4.131
1.715
3.6949
2.2032
0.1399
6.825
6.6173
5.5332
6.852
7.4052
4.2007
4.2855
4.6886
2.5661
1.8549
7.8132
1.4845
7.2338
6.1563
4.229
0.9148
4.2083
5.2566
4.1508
6.8033
5.2074
6.8415
1.0946
1.3505
4.6991
5.9391
5.709
1.7176
3.7894
3.7538
3.9421
3.5085
1.6012
1.9973
2.0752
0.5252
5.7633
6.0177
3.8757
2.0438
6.6959
1.2925
3.2087
0.3872
3.0506
5.715
1.0949
0.5581
0.574
7.7561
1.0073
0.4646
2.8233
3.5311
1.2791
4.9696
6.8436
2.6377
1.907
7.8359
3.8871
4.751
2.5891
1.0164
2.6175
5.1276
5.514
1.3172
7.8152
0.6602
7.3425
2.1018
5.7408
4.2136
4.1087
6.1213
0.2783
7.0598
2.584
1.3265
4.3057
5.5525
7.9528
7.9346
7.0652
7.2051
7.0162
4.1512
0.0177
4.3281
5.6012
6.5672
4.8999
1.9379
5.3413
5.9405
3.4607
2.5186
4.1761
4.616
3.0447
6.8167
5.806
0.75
7.6735
7.6584
7.3429
3.3613
7.3298
4.4041
2.9301
0.4657
0.4486
6.8731
6.14
7.9978
5.0706
6.8723
1.5698
6.1267
1.628
2.0459
6.8128
7.8224
1.4993
0.9577
6.3094
1.6954
1.9184
2.5995
6.4196
5.108
2.5395
2.1403
2.7955
0.0104
0.4928
2.0806
1.2262
1.3721
1.7743
5.2168
7.7239
6.4526
6.1045
6.8941
2.86
7.4175
3.9424
5.4917
5.1705
2.8978
6.3205
6.5669
5.9606
4.725
3.782
5.4659
0.4228
2.0326
2.1026
6.4724
5.6316
6.6484
6.9421
6.0624
0.8569
1.0147
1.2511
5.7395
0.6355
6.9098
0.488
5.3137
4.02
6.7531
3.6297
1.97
5.5871
7.5036
5.6242
1.386
2.7008
5.5779
3.5096
1.5269
5.1728
1.8699
5.2642
5.6334
2.095
5.8917
5.0181
7.7987
0.8438
2.9253
3.4246
0.7888
1.6769
7.9554
1.0655
5.5413
6.8186
5.8947
6.1373
4.5319
1.4657
4.9681
2.9457
6.0712
7.1103
7.943
3.7242
4.0305
2.0677
5.0366
0.7921
4.6379
3.1515
7.7239
1.7299
3.3381
0.1231
3.9161
2.0806
6.4193
0.2749
3.1595
7.2215
5.977
7.4665
2.6534
2.6347
4.2307
4.5189
6.1717
2.2066
2.7242
4.1292
1.1537
5.1593
7.4625
5.9147
3.1593
4.2794
6.5722
2.8192
5.5425
3.1398
2.5245
6.9165
1.1073
1.7105
7.1115
7.1066
0.4353
0.5473
2.0038
5.2162
4.033
2.101
7.3871
6.1875
5.0487
4.3585
7.6515
5.4429
4.2139
5.6427
1.1222
7.4141
7.3587
4.0305
0.7841
1.3955
6.3574
1.7381
6.6686
2.6303
0.4667
0.1517
6.1555
3.2637
5.5401
4.5293
0.9374
2.0148
0.6696
7.1424
2.4144
2.6593
5.3648
3.8646
2.3416
2.5275
3.0093
0.5314
3.4289
6.7538
5.1951
7.2434
7.2402
0.7229
6.7601
5.8189
5.8172
3.0339
0.4124
0.9691
0.2102
2.4302
7.264
4.7261
3.4858
7.6989
4.9529
4.3395
6.6129
6.5156
4.109
2.6468
2.5291
3.6621
1.6883
1.3775
5.8493
5.2893
5.4149
0.5097
1.2744
7.8496
3.0958
2.1474
3.8904
6.2783
6.5011
1.3356
7.4765
6.0535
3.6916
7.8242
5.7676
3.2469
3.4391
4.1775
4.6571
4.7236
6.5592
2.0885
2.468
4.7742
7.7628
4.5108
7.6428
5.338
4.3057
7.8458
6.9297
5.4652
3.0538
3.9082
1.389
2.0165
0.0835
6.9903
3.8755
7.1797
5.14
7.1989
7.8609
3.6632
2.4378
5.17
7.106
5.3324
4.5543
5.4041
1.8953
3.0545
5.4956
5.5824
4.0687
3.0301
0.8072
7.8436
3.8078
2.3196
0.6505
2.5777
1.7863
7.2423
3.5469
1.3844
3.7541
0.9637
0.9542
2.3841
1.9987
3.5238
1.786
4.8085
3.7295
0.2807
7.4092
0.1104
0.4733
3.1499
2.8611
7.3863
5.6313
6.7247
7.5638
6.9698
6.831
2.343
5.0672
1.6087
4.91
7.2572
3.4577
0.3684
5.9055
4.6838
3.8278
6.601
4.1865
7.5093
7.4867
4.2353
1.8126
7.4326
2.4242
6.1038
6.3873
3.3045
0.1983
4.9274
4.815
3.2247
6.8347
4.0955
5.835
3.574
4.2771
2.7502
3.2282
0.6897
1.3499
4.752
6.4589
7.1605
3.7278
0.5745
3.9766
2.0042
3.7277
3.3325
7.3054
7.8229
3.8727
4.4731
3.159
4.9193
1.2388
3.3878
3.8113
1.0102
2.9072
3.382
3.6447
2.8257
3.3126
6.916
0.9907
5.2494
6.4063
7.2469
1.7799
7.8053
4.3405
7.9682
5.2393
3.7628
2.2258
7.6165
5.3564
0.27
2.6272
2.4118
6.4834
5.1509
4.6551
3.2258
6.1176
4.4117
0.9489
1.8265
6.277
3.3266
0.3343
0.3742
7.3
5.3393
5.4511
3.0323
5.1693
6.9099
3.702
6.6771
7.1893
2.1977
7.3027
4.5841
1.91
2.293
6.3729
1.8966
7.4497
7.2689
1.8738
4.9429
7.7812
3.6686
4.5255
7.6463
5.0408
5.2949
4.6852
2.9022
7.1553
2.109
0.6413
6.2801
1.117
0.3806
1.8078
4.5794
5.5228
4.1089
4.9238
5.3166
6.4815
2.0296
7.4377
7.1668
0.6249
6.9653
2.999
0.9718
3.3808
5.1228
1.5349
1.0719
6.9267
3.455
1.96
6.791
3.2171
6.4473
1.7593
7.7819
4.6958
1.7077
5.4822
0.5346
0.0257
4.1913
2.6509
5.635
5.8771
4.91
2.7684
6.3948
7.5358
0.1872
4.0529
2.6911
5.9579
7.1787
3.9465
0.6523
0.5691
6.7753
5.2514
4.1696
7.2758
5.1375
1.1553
4.0426
5.0642
5.5114
0.0806
7.7399
2.3407
7.7273
3.106
4.1152
3.5676
3.9278
2.6465
2.274
6.5849
7.6784
2.204
4.6107
1.2458
4.0209
7.8854
3.9814
0.387
2.1234
5.7277
2.331
5.8458
7.8658
5.1701
6.5239
2.6059
6.5166
4.0051
2.7717
5.0795
2.3639
3.2791
0.5282
7.9351
2.4472
1.9504
7.046
4.4911
3.1964
4.528
7.0364
6.3599
7.4605
3.1821
5.2215
3.7743
7.5559
2.5997
5.9268
4.7352
0.953
7.5367
6.9246
6.1747
1.7968
2.4973
1.8023
4.6046
0.0468
3.2567
5.3502
5.3838
4.1401
1.2061
5.0133
3.2563
7.1104
4.8108
0.4693
0.9662
0.5228
6.1739
1.404
1.6265
6.2576
0.5886
5.6705
3.0705
1.7526
0.1711
0.758
4.385
7.7521
1.793
3.0644
0.0896
4.7608
2.4367
3.3393
0.4666
1.6937
5.6063
5.1707
5.4444
0.9177
7.0385
3.008
2.8068
2.6624
2.9062
1.2153
6.9955
1.2207
6.0577
5.0681
0.5544
1.8517
0.1482
6.4928
5.1036
3.2388
5.0979
6.027
5.378
6.8086
3.1873
1.6286
1.7349
5.147
5.6078
4.2712
7.1385
1.7751
6.4615
5.1082
0.6881
2.3776
3.2571
0.618
6.6426
1.036
0.027
4.4594
5.4274
5.3697
6.6441
1.5663
6.755
2.0247
2.7446
3.4909
5.9721
6.2628
5.2766
1.9645
6.6562
2.22
5.1336
7.4642
3.94
7.4147
1.5574
2.2937
0.6095
3.5457
3.9131
7.7676
3.9375
1.1805
3.4548
7.8075
1.9381
2.1982
0.4826
3.0765
7.4187
0.1423
5.1296
7.8643
6.7227
1.9383
0.9538
4.1721
5.9049
6.5505
5.648
1.0375
6.4304
6.8539
2.11
0.7383
3.708
0.2151
3.4945
3.4267
1.825
4.3297
1.4182
4.1226
5.4936
1.8302
0.1337
2.485
7.5176
6.4074
5.1507
3.8899
7.1574
4.1576
1.8162
1.8826
6.663
0.1793
0.3791
6.3208
4.1563
1.4906
5.3427
0.767
4.7717
1.2166
7.7474
3.215
7.1953
4.0995
4.2238
0.1019
2.5827
6.4716
3.1583
0.5535
1.1379
3.3828
1.572
3.7178
3.978
1.553
5.0375
3.4704
0.2207
7.5063
5.1669
0.4537
3.3184
0.878
6.3017
7.8177
5.5825
6.6177
2.261
6.4615
2.1989
5.861
3.8543
5.679
7.4236
0.8957
7.4366
5.6962
4.8053
1.0525
2.7668
6.1623
6.1532
6.8685
5.7527
1.9205
3.4494
4.2072
6.2222
0.9716
3.5758
0.546
1.0382
6.9947
4.2687
5.56
5.598
1.9969
1.3816
2.3811
7.9718
3.2612
7.7014
7.0015
5.384
3.0131
3.021
1.9812
0.9691
3.1037
3.2149
0.0987
4.8341
4.9397
3.5052
2.6376
3.0715
3.6052
7.9367
2.1945
6.6605
0.3134
2.6407
4.042
4.5607
6.204
5.9999
7.8019
2.5642
3.9589
6.5229
2.2388
7.0967
3.9322
5.3203
1.9457
7.8203
3.3031
0.5743
5.963
4.835
3.8182
5.3286
7.2364
4.2722
1.1863
7.131
2.208
3.7874
6.4095
0.0794
2.2305
4.2054
6.3785
7.6357
5.5387
4.5122
0.4151
7.656
0.7121
6.1201
7.2112
0.4223
1.0738
3.4202
6.8504
5.259
6.4408
5.7365
2.6144
5.2127
6.2604
3.7708
5.2051
5.7952
2.3915
5.4933
1.2607
6.7934
2.144
0.8403
4.4473
3.4574
3.2709
2.7864
6.4051
1.3605
5.8672
6.3579
6.2165
5.4307
3.5874
6.3165
3.3385
5.9205
5.7093
2.404
4.6237
7.2455
1.741
3.0771
4.2386
5.2092
3.241
3.9843
7.196
2.8834
3.4962
0.5385
4.2568
6.6974
4.6627
0.9949
2.5414
2.9811
5.3684
0.3417
2.9347
5.6491
6.6359
3.0292
0.8145
1.0915
5.1417
4.535
7.852
7.8826
4.548
0.3371
0.7216
7.2765
7.0417
1.8889
0.8195
7.2901
7.3356
5.8532
6.0229
0.3443
0.4311
2.4834
5.4812
3.9598
6.9414
7.5937
5.5094
7.1186
3.5078
4.4195
4.7807
5.0051
0.9473
7.0964
1.4191
2.0989
6.8863
4.657
3.1694
6.796
0.3281
7.6864
6.148
6.0166
3.0466
5.5881
4.5122
2.0972
7.6529
4.9298
4.4864
0.1306
3.1856
0.1293
6.0018
2.5561
3.815
4.6806
3.8631
6.7174
1.3094
7.2823
6.6698
3.8213
5.3979
7.2891
0.1718
4.2763
5.4373
1.6717
5.2555
1.0762
4.195
5.1387
3.52
4.5803
4.4561
6.5452
3.186
4.1529
6.3112
2.0653
2.9173
4.4517
6.5679
5.9291
0.4795
4.8033
4.0903
7.1083
5.7922
3.739
7.49
6.9364
1.4997
5.9917
6.0555
2.6746
2.2863
5.2995
0.2559
1.8542
1.2619
1.2473
0.376
4.6113
5.4494
4.8563
1.7077
1.4619
1.5195
5.7425
7.4017
1.6221
5.9061
1.7796
0.8371
7.8538
0.7131
4.5028
6.9987
0.6521
7.1796
3.2825
2.6886
1.0282
6.7672
3.9706
1.5557
5.1082
1.9252
6.9913
2.2418
7.3209
1.5474
0.7711
4.1578
3.7037
4.4898
6.3368
5.0339
1.2201
1.0399
1.5956
0.5258
0.97
5.4041
6.3314
3.5648
7.1588
6.2928
3.1403
3.801
5.182
1.3381
5.7645
7.7011
6.4389
6.887
4.3986
2.3627
6.1681
4.1488
3.1564
3.4906
3.6411
2.6266
3.4575
6.8792
6.1453
2.2232
1.4858
3.7039
1.5437
2.6176
7.8633
4.7239
4.1875
0.7987
1.9169
3.9144
7.3542
4.2431
5.2406
3.2531
6.174
4.1154
1.0332
3.7369
5.8984
2.4646
0.2431
7.5364
7.2455
6.2063
2.8057
7.1633
3.7205
2.2318
2.6648
1.0398
1.4847
0.3343
3.1581
4.236
0.2636
2.8246
5.0617
6.3599
6.0344
4.6102
6.5974
5.2239
0.8856
4.0007
6.4538
2.0961
0.3981
2.792
4.6464
2.0421
0.4973
6.3178
6.0776
2.0876
6.9768
6.9618
2.7637
3.9616
2.7921
7.1743
4.3758
4.5771
5.2346
3.5329
7.3924
4.9748
6.9862
1.2509
7.7955
1.7005
2.6999
2.6711
1.5372
2.5536
2.6365
4.9202
1.0348
1.687
0.5279
0.9174
2.3365
0.2539
0.5862
6.9652
1.9615
3.2394
6.9008
3.7086
7.1332
1.0844
7.9066
6.515
4.1853
7.7932
7.3047
7.5843
5.3627
5.3515
7.0449
5.7769
5.1229
6.5334
4.1548
4.132
6.0813
6.6924
1.651
1.3207
0.3037
0.1094
4.3531
5.8197
5.1836
3.7487
5.8512
7.0152
1.0208
5.7098
2.194
0.2018
2.7692
2.7158
1.1179
0.0151
0.402
5.9997
6.5754
7.5899
4.1101
5.1123
3.9763
3.1082
1.1219
2.0074
2.1228
6.7331
2.3356
6.9154
3.4572
6.8254
5.0413
6.5398
7.1347
4.8385
0.7664
5.3776
3.4235
5.9161
5.5843
4.0352
7.3455
6.1308
5.3886
4.7163
2.9177
6.6198
7.381
3.2103
1.63
1.5901
3.9305
7.2466
5.9707
6.0727
4.4846
7.1092
5.4626
6.3772
1.0847
5.2387
4.1892
6.6167
5.5758
0.5259
4.0647
3.4596
7.7194
7.5512
7.6955
3.3029
2.2332
2.5737
0.4581
5.7463
4.2626
4.1051
2.6479
5.149
2.6042
0.1542
3.532
6.4301
3.1906
7.272
4.8216
1.4521
0.4639
2.9609
1.7941
6.8896
0.4815
2.6153
3.0052
6.6986
4.3015
7.7356
3.9775
1.0613
7.38
4.2347
2.4343
0.6482
0.8842
0.4555
1.5301
5.7666
7.3323
5.3951
4.7985
7.9774
4.7091
6.1702
6.1865
1.4958
7.6668
3.0248
6.0037
4.4957
3.5673
0.5663
0.9698
6.8426
6.0064
2.8936
2.4026
3.0295
3.574
7.0924
6.8242
0.612
5.5827
2.387
7.2856
3.2722
2.3059
5.3209
7.25
1.5154
3.1932
2.9882
5.8761
7.5749
4.7565
1.7233
7.5396
2.7485
4.1803
1.6106
5.8719
5.7453
5.6616
7.4802
6.7728
6.0818
4.4784
0.9746
7.8616
3.714
5.7905
4.2131
1.0015
2.3243
0.9132
0.0935
5.0921
4.8596
0.9845
7.8142
1.3013
2.9428
2.7431
7.9942
5.2696
3.4105
0.9445
5.1667
6.6024
4.1451
0.8706
3.1326
2.5301
6.2184
5.3095
5.5209
5.3218
2.527
6.1346
0.0516
7.1216
7.7769
0.4315
7.3181
4.2721
3.7739
0.6252
7.6156
7.4105
1.4294
5.6067
4.865
3.3117
1.4456
3.9858
2.0356
4.5164
4.0278
0.7824
5.6223
7.7679
6.5261
0.9666
0.3733
4.3374
2.5693
0.3619
0.5726
3.7613
0.3615
2.7989
2.2246
3.0587
4.7425
2.7159
6.6134
3.7228
1.4149
7.4069
6.7477
6.5271
2.8831
4.08
2.9098
2.724
7.841
4.3992
2.3756
2.5419
2.939
3.5762
5.0026
4.6018
0.5536
4.8466
7.1332
5.5245
2.138
0.5847
4.6059
1.1795
4.2333
5.4999
4.1416
4.8746
6.5133
6.0621
0.1252
1.6879
3.819
4.9419
5.1426
3.9888
1.9419
3.2302
4.258
2.1905
2.8007
1.4742
5.1557
6.6318
7.9834
3.5081
1.9574
3.121
2.6763
2.9649
3.3551
5.9832
5.285
1.266
1.6175
6.3846
2.6961
0.5532
6.2414
0.1249
5.6055
1.6866
6.9976
2.2507
1.5655
6.6009
1.5758
6.9317
2.4779
0.1462
1.3416
4.4612
1.4686
5.2775
7.0878
1.7597
5.6828
3.1817
6.93
4.9012
4.0324
6.175
0.5251
1.2862
4.8148
5.8051
0.1396
0.8005
3.1082
5.5537
7.1708
5.9967
5.355
0.0561
2.7533
7.9315
0.4406
6.1156
2.2608
7.7105
0.8971
4.8524
5.9057
7.6534
0.8164
1.5333
7.2209
7.6467
1.287
4.9029
5.0468
6.2376
1.8247
5.9062
4.2557
6.4364
0.7042
1.3901
6.4944
1.4004
6.8563
4.9765
5.4151
1.2141
3.5282
2.3032
5.6324
4.0338
3.8939
4.8111
6.936
5.7418
1.6156
0.7888
6.0407
6.5748
3.4261
3.7366
2.9925
6.2877
7.9784
0.4013
1.1098
1.0259
5.1351
1.6045
7.5902
3.1508
6.3128
0.9787
6.4395
3.0171
1.2849
6.9138
2.9174
7.6766
5.5685
0.7861
4.8482
4.9034
3.7253
2.4373
4.2259
1.0183
1.953
6.9639
0.9222
1.6318
5.9808
4.0284
6.2701
0.0187
0.243
3.8915
2.5116
5.9019
2.0016
1.9874
3.9812
0.0565
5.4063
3.3353
6.114
0.7935
5.003
7.195
6.4555
3.5565
3.3063
7.7284
5.4536
5.6312
6.2224
3.1874
5.4048
1.1573
7.9984
6.954
7.139
4.0989
5.945
7.3291
3.8139
4.2581
1.5347
7.2071
0.4342
2.5347
3.5637
1.9261
5.807
0.7471
7.4789
7.1892
5.3324
2.5098
1.4066
7.7225
2.3128
4.4504
2.5656
2.3944
4.2843
4.674
6.9675
6.1367
3.1973
1.1605
2.4359
4.9493
4.8822
5.7283
6.6868
7.9448
6.6859
6.5972
0.4354
7.5491
4.9469
7.4008
1.9107
0.6778
0.2936
6.8245
4.5228
6.9589
3.6015
6.121
4.2057
0.0082
5.7312
0.6614
6.9371
6.7656
7.97
6.1968
3.7619
0.3791
3.679
6.5373
1.0005
4.6601
2.1202
5.5214
6.4849
3.4522
3.5201
6.6564
5.3352
4.5829
7.4129
4.015
6.0854
0.1767
4.8484
3.0642
4.0469
1.6777
2.3391
0.7539
6.3036
3.6
4.8975
1.1686
7.5594
6.6946
1.6192
5.9074
7.6574
4.9726
6.141
5.1701
5.8738
3.6151
3.0175
0.4588
4.3524
7.7991
0.0586
2.5791
2.859
4.2542
0.0529
7.1585
5.2564
2.2229
6.9735
3.3699
6.9394
6.3533
5.2999
2.0877
7.7506
5.8268
3.9576
3.5424
1.8139
3.8935
7.4865
4.7922
4.387
2.6212
5.0965
6.2353
1.6883
6.4446
0.3052
5.9639
6.5612
5.977
7.2081
5.4692
2.4767
1.0067
1.8842
7.4276
7.2208
5.81
4.8143
5.671
4.2769
6.6077
0.4949
7.5797
1.8746
1.8911
2.2283
0.4599
7.4763
5.7258
1.3926
0.0039
0.2697
0.7515
2.135
6.1317
4.7666
2.8759
1.8482
3.6208
3.7623
0.2086
0.8814
3.1584
4.299
0.0315
0.4726
4.5569
3.5594
3.3965
6.3176
6.9459
2.6969
2.531
6.7774
4.5484
5.7508
5.5421
2.6156
2.2526
1.7616
2.8726
2.171
1.5012
7.3189
5.3982
1.0406
6.6771
2.6628
4.2903
7.4821
1.8942
3.9335
6.2329
6.3158
1.7125
3.7039
4.9042
5.5145
5.578
1.7688
6.9681
2.9148
1.8651
4.4423
7.6925
6.684
4.4703
5.9044
3.5681
1.4329
0.5037
7.4463
7.5541
2.6102
2.9749
6.7996
1.436
7.5329
4.3427
5.9906
7.1571
4.9248
4.8267
0.1509
0.4809
4.3995
5.7655
5.7759
7.7827
4.3616
5.5137
7.6538
6.3733
1.5605
3.8567
5.4566
5.079
1.7138
4.1926
3.8252
7.1549
1.6092
7.2984
6.8467
2.6186
1.5199
0.2648
0.7169
6.1231
5.1642
6.1972
7.687
4.5315
5.0803
3.6371
7.0761
1.7519
7.7682
4.8014
1.7293
5.5231
3.8806
0.0555
2.2277
4.9756
5.3496
7.2763
2.7328
6.2246
5.5349
5.8702
2.2908
6.8718
5.2293
3.5322
2.9056
5.3889
0.3102
4.9953
2.0258
5.5706
2.7718
4.6643
3.8875
5.7933
1.7528
2.0041
5.3298
5.0613
0.6313
1.4073
0.137
5.1043
7.6012
0.29
0.7497
6.2351
7.7857
6.2014
7.7427
6.8292
2.3299
2.0091
2.435
6.9306
3.0285
2.511
1.7939
3.1968
0.5127
6.8713
3.0407
1.064
3.3283
2.5093
2.3365
1.9988
6.2226
4.1068
0.0978
0.983
4.4922
5.6572
0.3363
3.1715
7.133
1.8971
2.8512
5.1717
0.0954
3.9037
4.4765
7.1454
6.5896
4.0432
0.1035
5.0835
6.2504
0.792
5.4595
6.6336
3.9326
0.4776
1.4725
1.2211
7.8336
6.265
6.946
4.9287
5.0085
0.5352
4.5786
6.7869
5.8011
5.2695
4.6847
1.2877
1.8896
5.6005
0.5183
4.4546
5.4242
6.2247
3.2366
6.3421
1.6729
0.5405
0.5578
6.7633
7.3456
1.4348
0.7493
2.6865
0.7966
7.2642
0.4187
5.1235
2.0338
3.2495
5.6177
2.501
1.7682
7.0892
4.3213
1.6357
3.6141
1.7683
6.7755
3.2147
3.2825
4.9622
7.4357
4.4418
4.8317
0.6556
1.4577
3.5294
1.1369
3.1405
2.1851
0.9587
2.1893
2.0726
7.621
2.1189
6.9064
1.6801
1.3058
4.0073
7.6619
6.1183
6.9871
1.9523
7.9848
7.6288
5.29
5.5727
6.3909
0.3081
0.9222
2.7835
2.1786
0.0306
4.4414
0.7669
6.3024
4.4605
3.0782
3.9156
1.5729
7.5134
3.2353
4.1876
5.0732
4.1502
4.588
0.5571
2.0076
1.4152
5.396
4.0493
3.4375
5.74
5.5081
1.5995
2.9198
2.6101
4.714
5.9326
4.1608
3.8986
5.0544
6.6202
5.8879
0.5463
3.9031
0.1871
1.5444
2.4036
1.7983
7.7804
3.3995
5.7438
2.6592
7.3391
2.2284
7.541
3.464
0.6613
6.2881
3.8587
2.5433
3.0658
2.8531
4.7126
1.2805
0.8754
6.5987
0.4573
3.1104
2.0387
3.3968
5.2332
6.804
6.6026
5.9302
1.1968
5.4033
7.2994
3.7344
2.5398
2.4291
3.2384
1.6489
7.289
6.3397
3.863
7.8916
4.3112
6.0862
1.7978
3.7651
5.2561
1.9683
7.2826
5.7173
7.1483
4.5264
7.7805
3.6685
2.7431
0.8536
5.1051
5.5657
3.6104
4.6778
4.71
3.4569
2.8271
4.4344
3.613
0.9133
6.1287
0.2991
6.8006
7.9594
6.2921
2.4631
2.2804
6.7379
7.7078
7.3534
6.8526
2.907
2.8827
5.065
2.0331
0.4579
5.8305
5.7057
2.4227
5.7059
4.8097
3.0628
2.3357
4.2261
7.4268
0.5132
7.8741
7.4249
7.248
7.9349
6.1464
6.9859
0.4703
0.8139
7.2042
5.7814
5.4511
4.0567
1.8494
5.1487
2.7546
4.82
7.8939
2.4813
0.5379
7.0106
5.0806
1.6567
2.3086
4.9039
7.0883
5.0345
0.2959
4.0444
3.7641
3.0846
4.7936
5.1208
2.2548
1.3341
2.6429
0.2204
4.0558
0.5514
6.4057
1.2414
5.1151
4.6021
0.484
2.785
3.3425
6.7718
0.9939
6.665
3.51
7.6425
6.5661
5.6099
3.3178
5.5235
5.6973
3.4022
3.2374
4.5645
3.1874
5.454
0.4124
1.4098
2.8351
0.3904
0.8409
2.8172
1.417
0.3828
7.5743
2.334
1.1131
5.2018
0.7855
0.0022
2.9047
2.9172
5.9774
2.5098
3.5531
5.9684
4.013
7.5858
3.5282
1.3025
0.7684
5.6774
5.2071
6.5839
4.5155
2.5513
2.0736
0.5544
0.5299
1.0273
2.1701
5.9354
7.5105
2.7383
0.6665
7.6033
5.1609
6.0556
3.0522
1.9471
5.3053
2.6274
3.7998
5.7873
3.3647
7.044
4.3658
2.4349
5.3132
1.3558
3.8118
6.0932
7.5375
4.4109
1.0227
3.4627
1.1968
3.4098
1.6657
4.342
5.9201
6.7162
5.7181
0.6253
5.2905
2.4117
0.9751
1.955
6.1891
6.2792
0.803
0.1717
4.7997
7.6424
5.1637
1.683
4.5598
0.8771
2.9218
5.862
4.1083
0.324
7.8852
4.2602
3.1057
1.652
7.1999
2.3036
5.3795
2.4634
0.1961
5.1918
7.8341
5.3391
6.8913
6.4538
3.4258
6.6225
2.577
2.6535
3.9498
0.9895
7.0172
7.0534
3.6703
3.5058
5.7991
2.0661
2.9211
5.1339
2.4867
5.5057
0.9275
6.726
2.1507
4.1169
5.4912
0.1319
6.2638
6.4236
6.0409
5.8177
6.1293
0.9199
3.8259
4.8216
3.9313
3.3696
0.2729
7.5827
7.4468
3.7051
4.7453
7.1776
6.3224
4.5819
2.8268
6.8502
2.5135
4.3759
6.0494
3.2222
7.9726
0.8132
7.3068
7.1522
1.1961
1.4202
0.8143
3.2546
0.0078
3.913
3.5038
2.077
5.7885
1.7204
3.5234
2.6559
7.593
4.1678
0.0798
3.0266
2.512
5.0665
5.0557
1.056
7.2708
4.5634
2.9326
5.0953
5.9055
4.8579
3.6238
7.7468
1.6786
2.3907
7.6227
6.2546
6.0808
1.1443
4.337
7.549
1.0494
1.2986
5.1499
6.5913
0.0755
6.8814
7.9302
2.6735
2.8962
3.0563
3.4898
3.3631
4.1178
7.7344
3.9667
0.4509
5.7472
3.5175
2.7327
6.818
4.7726
3.74
2.1527
2.9925
6.4668
2.1927
7.2175
7.7425
1.7442
5.3053
2.1681
1.4014
2.5642
1.6728
0.173
2.6611
0.1674
3.0396
3.688
1.8758
5.1566
0.3214
7.4293
4.4836
2.0558
1.5553
6.2307
7.0707
2.8607
3.802
0.9012
7.5586
2.6471
1.9974
6.2543
6.5533
4.4851
7.0325
5.0302
3.2469
7.5959
1.6651
7.7609
4.5038
5.1418
6.942
4.0425
2.4053
6.2286
7.6029
1.2015
5.736
5.0265
2.4297
7.8427
7.411
5.4702
5.6157
1.8876
6.2753
2.9702
7.083
1.1546
3.5887
4.4604
3.2285
2.1809
0.1761
4.1951
4.2641
2.1872
7.6266
3.0889
7.9035
6.0604
0.8481
2.7699
3.7779
1.6653
0.7357
1.5066
0.095
6.0381
4.329
3.525
5.5181
7.0605
7.4975
4.4991
0.9832
0.333
3.6305
6.7006
4.7067
7.1815
1.405
2.9944
7.0182
1.9218
5.7073
3.9962
1.5537
6.2484
6.6564
0.0747
7.4966
3.423
0.0443
7.5344
6.359
2.8013
7.1064
5.2156
4.1006
2.0693
5.3275
7.2551
3.1113
2.815
0.6585
6.6535
3.5443
4.1857
0.9541
3.2958
7.3355
3.9079
6.7918
2.7377
3.1599
7.4911
2.4156
5.3998
7.9342
1.1831
1.0254
1.2076
2.5081
1.8182
6.834
5.3559
5.0538
3.3721
4.0317
2.1431
0.0377
7.6169
1.1888
2.4218
1.4656
3.453
7.0926
1.8361
4.3682
4.6746
3.0183
4.5847
1.4469
1.7171
5.2731
1.2018
6.1368
5.9885
7.4588
1.9862
4.0398
7.4595
0.6313
4.3143
2.9609
3.0942
5.4599
6.7854
6.4313
6.8042
1.5887
7.7468
7.4119
3.5246
1.5267
6.7612
1.7025
5.5298
5.5587
1.3418
5.3831
2.0496
2.8335
1.053
7.256
2.8052
7.9178
7.1768
4.7776
7.3761
6.6937
4.5448
6.723
3.3798
6.3142
5.5938
1.3929
5.5256
6.3574
3.5899
0.0364
2.5211
6.7162
3.3098
7.6225
6.1263
3.2796
5.4468
4.5847
5.1291
6.4214
1.5569
4.6756
7.5185
6.5133
7.3514
0.1531
2.2425
0.2545
6.9784
6.0983
7.7933
3.3654
5.1486
4.4324
1.1235
0.5373
3.7087
1.1475
3.9907
1.2987
2.7204
2.333
1.6122
5.1945
4.5894
7.2608
5.9042
4.8796
4.4713
4.5128
0.8011
5.5537
5.701
5.5042
7.415
6.7263
4.348
3.0271
7.6803
4.5425
1.8573
3.1207
3.7486
4.5197
2.3067
6.8495
0.1735
0.794
5.7975
1.2509
2.5816
2.0031
0.5062
1.9424
6.6186
6.7666
0.2263
4.4023
4.1223
1.5987
7.0138
7.1356
6.5718
0.8269
6.3722
2.9732
3.0702
0.1434
0.2361
4.4545
7.7443
6.5967
3.9303
6.7892
2.2472
1.5804
1.1057
3.8432
7.0505
1.2206
0.5778
4.0129
1.951
6.4353
4.9502
4.1903
5.2638
2.1766
5.6429
0.6241
5.9115
4.3712
6.8746
2.4645
4.5357
6.2743
2.2086
0.523
6.4647
4.5032
7.7566
4.0159
7.8567
6.0404
0.6817
6.7787
0.2263
1.2815
2.9534
7.9714
4.4149
4.422
1.4343
7.5091
2.5906
1.9132
4.6558
3.8208
4.3531
2.3206
2.1616
2.035
1.6845
7.2542
7.1096
3.2494
2.2246
7.2974
1.5175
5.5275
1.4894
1.5806
4.7546
7.5534
2.8819
1.1965
0.5229
1.2452
0.3856
4.9629
2.3996
3.5647
0.3515
7.076
1.5016
1.7778
6.1555
0.1183
5.5628
3.3658
4.3562
7.8657
3.0491
3.4785
0.7813
0.9815
4.1478
2.4758
4.7643
7.3114
7.0007
0.1122
2.6577
5.1511
5.3599
3.4131
7.7768
5.1899
0.6504
7.3266
3.4311
6.8336
0.0583
5.0933
2.795
3.1432
6.3783
4.6138
1.2107
1.0646
3.4851
7.8255
2.2038
4.9885
6.5259
2.3756
6.6976
7.7112
0.396
7.5141
4.6181
0.3932
6.5057
4.9599
6.6076
1.401
0.366
3.4286
7.2052
5.2073
5.3339
6.3095
0.5529
1.2605
4.7375
4.549
1.2105
7.124
0.5398
6.5594
4.0151
3.5578
2.7344
7.7867
5.853
6.9686
1.2522
6.1477
6.4476
7.8622
7.4738
2.9985
5.738
4.1289
2.0757
5.1258
3.6361
7.4715
4.3886
2.3408
5.9322
1.3473
4.8223
2.6963
4.4754
5.4732
4.2895
0.9489
3.9836
5.0873
1.7325
5.0513
2.6126
2.5577
4.2919
5.0113
0.6678
0.9035
2.5126
5.9879
4.7088
7.3245
1.5835
1.8067
6.4244
7.8556
6.4871
7.8971
5.7864
3.1713
4.7675
7.4097
0.8382
4.0678
1.4263
7.369
6.6359
3.2244
3.8722
6.6725
6.5743
6.8589
0.7395
2.4413
7.3767
3.4307
5.8135
5.5766
5.5791
7.7043
1.268
6.4048
5.0221
1.1167
4.5298
4.1338
4.6495
6.2604
0.9743
6.0962
0.5932
4.5056
6.8725
7.6385
2.4975
5.5861
1.0522
0.1892
1.4052
4.6665
2.4653
3.5732
1.0996
1.2272
7.9605
7.319
7.6996
4.3465
2.1785
4.3357
0.3122
7.8239
1.608
4.6065
4.074
2.8491
7.432
2.5805
6.1747
1.5281
7.4128
4.5884
6.6053
2.4591
1.1245
3.7528
7.9247
4.2838
4.8188
5.9788
3.9592
0.2353
6.61
3.1782
5.6732
7.8904
5.8534
7.3246
7.9401
0.3867
6.1487
5.6446
1.0912
6.5026
0.7591
0.1509
6.9984
5.4779
2.4855
0.6742
5.8664
3.1324
1.2268
3.4202
6.2116
0.3107
5.9511
2.5744
6.4963
4.1453
5.335
4.8754
3.3901
5.2843
6.2947
5.4713
2.674
2.0576
2.8224
2.0064
4.1601
3.6399
7.2012
4.2949
2.9889
7.4536
5.8159
1.7756
2.8095
0.0248
5.6018
3.5595
2.1557
7.6632
7.8568
4.4988
4.4388
6.911
2.0993
7.6442
2.0258
5.3181
5.5408
0.5739
7.5646
5.6634
1.9931
2.6224
7.8655
2.5658
7.5628
1.2015
1.0414
4.0272
0.6856
7.0972
7.5215
4.3925
7.6684
0.0674
0.0346
2.0456
1.7442
3.4328
1.8644
5.4358
4.8932
7.114
5.4004
1.5248
6.4978
4.1474
5.8895
3.7198
5.2789
0.1808
5.5305
3.5044
3.3403
0.4127
0.1134
3.0273
1.4361
0.582
7.7926
6.4568
3.1318
1.0023
4.807
5.8561
7.1815
4.2028
4.5556
2.3466
3.6848
0.0038
0.9775
7.3116
5.5372
7.7036
5.7733
3.1092
2.1269
3.6169
4.8275
7.5892
4.39
7.3756
3.3293
7.3448
4.2797
7.7343
4.9278
5.6922
2.9889
2.7738
1.2001
3.4975
7.0657
1.6806
2.9326
4.4241
5.9443
3.2488
0.6621
6.1101
1.6532
1.1735
7.3926
5.0645
2.2631
0.2693
2.16
7.1456
7.435
7.5525
0.7634
2.064
7.0514
1.7349
3.7525
1.2207
7.0471
4.6375
6.0193
3.7742
4.878
6.5904
4.5652
5.3233
1.013
3.268
0.8069
6.5078
5.3154
0.2703
4.1621
0.8965
1.3485
4.9977
5.7775
4.3336
0.9936
4.8681
4.161
1.3966
3.1322
6.8048
4.1053
7.3226
2.7434
3.6351
1.2579
7.3457
3.0186
3.2771
6.865
2.3633
3.4245
0.0156
3.4512
1.2092
4.478
5.1594
2.1921
7.5149
4.6908
5.1317
2.0119
1.5526
0.345
3.4988
5.7305
5.1481
3.6825
3.941
2.594
5.5428
2.3034
4.5013
5.6222
5.5971
5.6016
2.2028
3.2512
1.7071
5.7753
7.4586
7.0026
0.9512
6.5582
4.4799
2.66
4.9148
4.3085
5.0371
3.5212
6.274
5.5945
3.1241
6.9172
7.5556
1.481
4.4224
6.5967
5.5264
4.7899
0.3595
7.3383
3.7965
4.6059
4.792
5.416
4.9866
2.7824
1.3939
0.0352
1.4721
1.0866
7.8883
0.16
0.9591
5.3913
2.213
4.4461
1.4347
7.6732
0.1935
1.6295
2.8472
3.7456
2.8159
4.7061
5.0285
2.5706
6.5433
1.7122
2.2704
2.2586
1.3544
6.3795
7.6963
1.4637
1.7407
3.3925
0.7945
0.5136
5.027
4.1682
6.0531
6.1312
3.4023
6.6583
4.6932
0.1764
2.9545
1.2414
2.8956
7.624
7.3829
0.2978
0.065
3.9767
5.3029
7.3732
1.0155
6.6459
7.7167
4.9072
2.189
2.9546
7.9358
6.8563
0.662
7.1337
4.1347
6.9971
1.7207
4.367
3.8562
7.2045
3.1358
0.1372
5.0808
7.5506
2.6972
3.9963
0.0575
7.5846
1.5865
2.5599
2.6865
6.7115
4.3662
6.764
0.7104
5.8873
4.4014
7.6483
7.2348
5.9434
3.6309
0.7563
3.1196
2.2188
3.8253
0.0221
5.4518
4.0503
0.5554
4.6395
6.3199
7.6184
7.5962
3.901
7.1361
5.0771
7.5214
3.147
0.3336
5.5044
5.7831
7.8947
1.6946
6.829
2.6932
2.7306
0.0797
0.9694
4.682
5.4876
1.4373
3.1586
6.8541
4.8624
6.9105
1.1744
1.8683
0.6564
6.6024
6.2036
6.3979
7.8155
0.3711
4.8197
7.0089
5.9097
3.1019
7.393
5.0752
2.3035
4.0881
1.8055
3.4149
3.4987
5.9605
0.5316
7.3149
7.467
6.8394
4.4516
1.8427
2.4218
0.7544
7.7947
0.1297
0.1734
7.1548
6.1648
0.7708
6.3928
4.2428
2.611
3.2254
5.9931
1.315
2.0968
4.0195
2.1855
2.2446
6.8906
3.3074
3.0929
1.1109
6.1378
6.6342
4.6884
1.4336
1.4441
6.1234
1.4648
1.3776
6.9064
2.7659
5.9522
7.7537
0.0177
1.9946
5.0262
3.662
1.6317
4.7044
7.8607
2.5708
4.0473
1.5896
0.7701
1.1839
7.058
5.3357
6.9079
0.9573
4.4619
3.4438
5.8479
6.7148
5.5096
7.8318
3.5309
4.8816
0.316
0.5362
2.4671
5.097
2.1202
3.867
5.8316
2.9951
5.112
3.2373
2.5964
0.9095
7.6727
6.3932
7.3311
2.2114
7.5371
0.2733
0.2568
7.2377
3.1678
3.5413
1.6511
6.5734
0.5403
4.3281
2.5574
3.3483
2.1873
7.3574
2.8966
2.0516
5.4748
0.9775
0.2503
3.4479
5.8805
1.4651
4.0433
3.6775
4.2097
5.9332
4.4914
2.877
1.4803
2.8949
0.3126
3.4477
0.9519
6.8533
4.3168
1.1945
1.8046
2.9618
5.1013
0.373
2.9732
4.027
1.8596
5.3695
4.3322
6.1417
6.9652
0.1576
4.5787
2.3562
1.4653
2.8767
6.7122
3.9929
5.6449
1.8165
4.3693
3.5814
7.892
1.5692
2.0448
4.1832
1.057
0.4887
1.3109
5.3497
0.1354
4.1441
6.9177
3.57
6.1738
2.5665
6.4435
1.2237
3.339
1.1579
1.0574
7.2029
6.2725
0.391
2.8426
3.9233
4.1057
2.2695
7.3528
0.7372
0.7618
2.6162
5.1542
5.6231
6.0547
1.0113
0.8458
4.0348
1.8462
2.8378
4.3861
6.7072
2.2242
4.6611
6.0647
7.006
1.3389
2.1303
1.1951
4.7956
1.2621
4.5622
1.7694
4.3212
5.2126
4.1967
6.3319
3.4881
3.2777
2.025
1.591
3.9756
7.7488
4.5512
4.209
3.7631
7.6131
4.1411
2.3826
5.024
1.9222
6.957
0.8303
0.869
7.7
4.1376
7.7083
0.7948
3.1299
3.2538
0.7489
6.6523
1.4218
1.8657
1.5757
2.9696
2.2796
6.1336
3.5024
6.0086
2.2754
2.6945
3.0603
2.5947
6.8176
0.7552
7.3209
5.0963
4.8932
6.6852
2.0371
6.5709
0.4288
1.4533
5.7063
0.1413
7.7562
3.1809
1.6695
0.3677
5.4865
7.0041
4.0553
5.7632
3.041
6.5251
1.0747
3.5551
0.6689
7.5761
1.6293
0.6631
6.5635
6.6862
0.6501
0.3124
6.9589
7.8522
2.1831
3.3927
0.1957
4.0495
3.1633
5.769
3.661
3.0659
1.9275
0.7729
7.3211
6.3079
7.8949
5.4554
3.5428
3.4656
7.077
3.9056
2.5268
4.8102
7.8224
4.1636
2.5601
0.1733
1.9464
4.4242
1.0172
2.4107
2.6204
3.4065
1.6627
6.0323
2.232
3.55
7.8996
5.7076
2.1277
7.0109
6.9895
4.6819
5.5441
7.7061
6.6029
3.3389
4.6849
2.9271
6.3067
3.7999
4.5157
6.0304
1.5836
0.6444
3.5309
4.0412
5.2503
4.2766
1.9648
1.9301
3.7954
7.6974
3.2969
5.4794
3.0835
6.2663
7.5408
7.0492
3.2677
5.0566
0.808
1.2501
7.2934
6.9551
0.7239
4.9373
4.0117
1.3236
7.8246
7.4217
1.3529
1.9014
7.1611
6.8582
1.0398
2.1292
5.9168
1.5301
6.0217
4.5536
1.415
5.4385
3.6248
3.2668
0.9866
6.2421
3.6219
0.6113
6.0875
2.676
4.7137
5.9578
7.7919
2.3932
5.7565
5.3969
7.27
7.9318
1.5956
4.1172
0.196
7.8067
3.8619
7.7109
6.5761
4.1956
2.1684
3.8823
3.5462
0.7059
4.6706
3.759
5.1981
6.1155
6.8121
3.9546
3.513
2.1038
4.8853
6.4652
4.5796
1.3761
2.3647
4.1577
3.4843
0.2298
1.5287
0.9018
5.2935
0.9728
4.916
3.7833
1.571
4.282
5.0203
0.4287
7.2543
0.9099
7.5912
6.376
4.1399
1.7227
6.057
1.9686
3.8067
1.7685
3.3598
7.332
3.1426
7.2559
1.3532
7.3785
1.6291
2.4487
1.3974
2.6078
2.8387
2.3673
2.9297
3.4176
7.1557
0.7364
1.6297
2.3981
4.9404
2.8927
0.8283
7.1782
2.0174
1.1435
0.0116
7.5576
1.1417
3.0053
4.4098
4.2782
5.5253
0.7935
6.1299
1.3357
6.9738
5.5353
4.3076
2.9302
7.824
1.7373
6.651
2.84
0.9628
5.3586
2.4846
1.4534
4.9128
6.7987
6.0829
2.2944
4.4415
5.018
4.7007
5.0991
3.5563
7.0004
7.2811
4.5387
1.0705
1.4755
2.1614
0.4221
3.5644
3.0358
3.3922
5.4717
3.9282
1.9229
4.129
0.0285
7.421
1.4448
4.0025
4.2383
6.9502
7.7973
6.4418
5.0984
6.1643
3.617
0.0456
7.1663
0.6473
0.5459
2.9022
0.1532
1.5633
1.6718
0.0246
0.721
4.1092
4.932
3.2717
4.334
1.3182
1.8263
3.1321
0.8378
3.2312
0.2232
1.5827
3.2776
0.0374
0.1521
6.421
1.9471
7.0194
4.4477
0.5925
3.4585
1.5698
2.7082
5.3396
6.8375
1.8618
5.8549
4.5966
6.2844
3.7452
2.4515
7.6159
0.2755
5.3167
5.3331
1.0546
5.8949
0.3193
0.1679
7.7445
4.2215
2.4164
6.0833
4.9876
0.887
4.0319
1.2066
5.6545
1.9276
1.1333
6.9717
1.7193
3.4205
5.6948
6.9496
2.4252
2.7337
6.3274
2.0729
6.2025
6.9997
1.6862
2.6476
2.4902
3.7032
5.2896
1.6838
0.8017
1.7919
1.9315
2.4897
2.1428
6.7164
5.0861
7.3501
5.0981
2.1316
1.6725
3.5528
2.6648
3.9616
0.0074
7.76
7.3697
2.9785
5.5474
3.9529
1.2805
5.5964
4.1345
0.3438
5.6037
2.6155
4.2315
0.4293
6.6507
7.6862
4.6522
7.476
4.3592
3.7975
7.1857
4.5914
4.617
3.5969
0.7804
5.4431
0.4913
5.8256
2.6464
6.1992
2.3641
5.7548
6.316
5.4594
2.6353
2.777
3.6809
1.0255
0.5408
1.1743
5.3318
4.2069
2.0156
6.2485
1.4385
5.0879
7.5503
4.8252
3.8119
5.1815
6.9428
7.8451
5.3212
6.0364
1.3764
1.0165
5.646
2.3957
7.7512
3.8564
5.6949
4.5393
3.6787
1.5331
7.2755
3.257
1.7812
1.2744
3.3985
1.7648
1.5542
5.0652
2.6205
1.664
5.1163
7.2726
7.7626
6.1736
0.4007
4.1559
5.9548
0.4721
4.8049
7.1142
2.8293
6.8927
6.5597
0.3518
2.0019
0.4828
3.9442
5.5219
6.5727
7.6636
4.0264
5.1235
3.4284
6.7725
6.5612
5.3597
4.9531
0.317
7.4279
0.6852
4.5794
7.6288
1.8337
1.3311
0.6379
1.4712
5.0756
0.7136
1.0206
2.6468
6.8947
5.9157
4.8471
3.303
6.1418
5.6202
0.6249
1.8006
1.0081
3.1187
2.4115
2.735
3.4587
7.2686
6.5923
0.3722
1.5851
6.5552
1.2298
0.6547
6.5216
3.6088
7.3736
7.1359
2.7032
4.2067
6.8276
5.5876
1.6368
5.6521
4.2135
1.2606
5.6968
0.4901
5.5757
1.6968
6.4166
5.1852
1.3546
0.9871
0.3447
2.41
2.882
2.7131
2.4566
3.8281
2.1285
1.716
1.6783
2.0071
3.893
2.9287
2.5388
5.5578
2.1277
0.4227
6.3389
5.4609
3.6349
2.2231
3.9338
0.2943
4.3431
1.7269
1.602
6.8202
5.3966
4.745
0.3126
5.2203
1.2118
5.2138
5.4655
0.204
6.698
5.5029
7.0722
5.3562
4.3269
0.5696
3.2459
0.6605
3.7169
6.5133
0.8632
2.0986
0.6601
2.6096
2.3752
1.4729
2.6802
0.0646
2.092
4.9858
3.6752
7.1268
1.0521
5.2513
6.3502
7.7939
5.2641
4.2178
2.6539
4.6683
7.342
3.7515
1.0164
7.4308
7.8321
5.5375
4.5727
4.8789
7.1358
5.9822
0.4735
2.3643
4.2188
1.4303
4.8719
5.9628
6.0496
1.9487
5.3044
7.8466
3.0228
4.9331
0.5102
3.6489
2.9784
0.4159
1.1375
7.7298
2.8052
2.874
6.0524
2.8476
3.6607
4.3857
6.5532
0.5973
4.4837
4.8685
1.5274
3.4616
6.3173
4.5885
1.6737
0.6669
4.2574
2.3399
6.4235
1.1725
3.7739
5.8128
4.0949
1.3748
1.0776
5.3222
3.1926
6.2493
4.9954
0.3299
7.1265
1.851
3.6101
7.0912
2.2119
2.0011
5.9697
7.2728
2.5591
2.3899
4.391
5.2011
2.1249
6.5536
0.6468
6.7814
0.4835
6.6918
6.2502
6.8285
5.2719
6.2747
2.3813
7.8962
1.7037
0.0024
0.9245
0.8594
6.5691
6.8336
3.586
4.6329
4.1487
1.4944
7.9057
3.0511
6.1717
7.8206
1.7308
4.9222
4.9188
1.8304
2.4651
2.6057
1.8598
2.3757
5.8019
4.691
6.8664
0.0867
2.5298
1.8555
0.0942
7.3964
2.1151
2.1923
3.5058
2.5135
6.7335
5.9952
7.0961
2.4843
1.4766
3.3175
0.3581
3.4464
0.988
1.1956
6.4011
2.0559
4.6959
4.7142
3.8198
0.8101
6.5861
1.8198
7.1876
2.1525
5.9247
0.9843
2.768
2.487
3.3673
4.1845
0.8701
3.9679
6.159
4.6712
6.7682
5.1014
1.2165
5.0788
6.1706
7.1817
1.0023
3.5384
1.8236
4.9172
2.2731
3.8015
0.2619
0.5732
7.4233
1.8164
3.3507
3.9054
3.3935
4.0258
0.7194
3.7088
2.3607
1.9212
1.8405
1.5916
2.0791
2.6969
1.5786
6.197
6.872
2.0156
2.7254
0.7194
6.8993
4.6299
3.2352
5.5667
4.4865
1.2867
5.7933
1.903
4.7424
4.5158
2.6695
6.414
3.1513
2.9789
0.8059
4.7105
5.1905
7.2235
2.3176
4.2643
7.4451
7.0183
1.8479
2.6633
1.1984
5.6959
3.0902
0.7965
4.2988
2.5767
7.2856
5.6906
7.5038
4.6783
4.4383
5.8628
5.8014
1.8114
3.7469
5.4552
6.7317
5.7944
3.0192
1.2945
0.3572
2.4153
3.5055
4.5769
5.0776
1.0864
5.8852
7.7736
0.0522
6.176
3.4292
2.3928
0.1191
2.1879
0.8669
7.443
3.2422
3.3085
1.69
3.6916
7.9093
4.9249
3.5586
6.6387
2.0308
6.8264
4.437
2.358
2.7508
4.576
1.534
2.7226
3.7301
0.4055
4.4198
7.1615
4.9302
3.6536
2.1221
1.0636
5.9537
6.1312
4.49
7.8608
6.5906
4.6455
5.2645
5.4981
1.357
7.9641
2.061
0.209
0.725
2.7465
0.5777
1.2295
6.5484
0.3114
0.0493
7.1098
5.8096
1.2716
3.518
7.1384
0.754
7.8139
6.2181
6.7434
4.4323
4.8676
7.1623
3.8441
0.7031
3.7845
5.2801
5.2126
7.0015
6.2176
5.3754
7.584
6.6078
6.9732
5.8267
3.7127
5.0727
6.0097
3.9995
0.2836
6.2067
6.6787
6.2692
0.7879
7.2288
5.3149
3.8536
6.5863
0.6958
0.4434
5.5791
3.7004
1.7067
0.0115
3.8747
4.8418
7.8739
5.1426
6.2598
6.9763
4.0351
1.4423
0.8028
5.0432
7.1715
0.8314
0.0186
7.4329
4.1708
3.814
0.3853
4.3678
6.286
5.8084
3.0359
5.9176
7.7893
3.9772
6.8861
7.6881
2.6536
1.0111
0.1564
5.7494
2.1832
2.8652
5.6251
1.1316
7.5418
3.5831
6.769
7.8252
6.2961
6.3505
6.9241
3.1051
7.9447
5.0208
5.3444
5.7351
5.4135
7.3611
4.3288
5.0729
1.38
7.3708
5.2446
1.0805
1.3799
4.5791
4.4293
6.3148
3.1237
3.3154
2.8682
5.6353
4.5913
2.9456
6.1166
7.4252
1.6721
6.3136
6.7071
5.8138
5.0984
2.6578
6.1435
3.7819
7.7277
7.1048
2.1709
4.3452
0.5899
1.3717
3.416
3.5358
7.5211
4.2213
2.5349
3.539
0.4552
1.1817
5.3218
4.6045
0.2478
5.5627
2.0629
5.3024
2.651
0.7496
1.5443
4.8994
1.7943
0.6448
7.9443
0.3576
5.6422
2.5841
4.0599
1.8168
1.7664
7.9359
6.6173
3.5404
2.2769
1.2867
4.4051
5.7741
6.7249
0.3224
6.8561
2.0925
6.0221
4.5735
7.0087
1.9214
6.2483
7.6656
7.8888
0.8552
5.4184
3.8924
7.1889
6.1744
5.1171
2.9146
1.2262
7.9535
7.3799
7.4111
4.6529
7.2052
1.6156
7.7491
1.8251
1.9001
5.6277
3.1023
3.849
6.0462
7.0294
4.3925
2.4873
5.1021
0.4544
1.2679
7.7587
2.4842
4.4111
5.3773
1.6679
6.1048
3.5523
1.9486
5.8114
4.7823
2.0974
1.7772
1.1018
6.6201
3.2506
1.8753
1.7335
0.2595
7.9116
5.2925
1.7367
0.2286
7.9347
7.9864
1.7175
2.5231
6.4773
7.1513
0.4668
3.9237
6.532
7.69
0.7587
7.6382
5.0581
7.8533
1.8673
1.28
6.6544
6.1696
7.704
6.6177
4.281
0.6516
6.4748
2.4636
6.1087
3.9905
6.3925
5.8182
6.8615
6.6946
4.1635
3.2959
1.9947
4.9826
2.5511
4.7559
7.0278
5.2221
0.3736
7.0975
4.1254
7.3875
5.0228
4.3924
2.2227
6.0755
4.6752
5.1482
6.1121
3.6995
3.1117
6.4397
1.8219
5.1666
2.6632
3.6837
0.1209
2.9462
1.3083
4.2029
0.6405
7.65
0.2083
6.3334
0.8096
7.8322
3.6246
6.5983
5.9029
6.7225
3.4119
7.8222
4.0222
0.409
0.8734
2.5961
1.6503
4.0816
5.874
2.8377
2.7627
0.0553
3.6224
5.3316
5.7595
0.9824
3.0692
6.9351
6.8094
0.3489
3.0008
0.2023
1.4409
1.7676
6.1496
0.1751
5.9499
3.0226
3.6291
2.702
2.238
7.7087
3.9927
5.4613
1.7203
2.3569
7.793
2.0293
6.7942
5.3164
7.7305
5.9299
0.0165
6.3392
4.3942
2.4968
3.708
3.435
6.8847
1.7096
5.9978
6.4671
4.9857
7.8636
3.3401
1.5049
7.9765
1.0768
0.6776
3.1203
3.3832
0.4696
2.8311
0.2697
1.6568
5.5787
4.076
4.3254
2.6019
0.9163
1.1028
1.9912
2.7111
1.7626
4.303
2.0704
2.8577
5.3209
1.6441
6.0064
7.9558
4.5306
3.4872
2.1533
3.7042
2.306
3.8481
6.6929
0.7337
7.9121
0.4062
3.5774
7.0413
2.4673
7.7452
6.1863
3.7291
6.4394
1.6386
7.3361
4.9333
4.5557
6.2433
2.4725
7.2182
3.0446
4.5064
1.5457
6.7478
1.6977
4.1244
1.0301
3.6956
0.7285
2.3117
6.503
3.0189
3.1814
1.6993
0.971
6.2015
0.9103
5.4837
6.6784
3.6129
0.3674
3.1719
7.8525
1.3486
6.1234
5.4502
2.1701
1.501
0.9667
3.0385
1.8581
2.1957
4.1442
3.4557
2.8568
3.348
3.561
2.8381
1.5784
0.8926
0.2806
2.675
7.2989
6.0433
3.2678
0.9811
5.2107
5.6855
6.4884
6.9839
2.6894
7.3016
6.9991
5.0364
2.2774
0.8456
4.5388
2.3777
5.7787
7.5239
7.4761
5.0146
2.8396
1.711
6.9198
7.9174
1.0098
6.0602
4.4638
5.7582
5.2312
3.3444
4.5208
0.3738
0.2082
3.9014
7.4075
5.5058
7.9123
3.965
5.0598
5.4726
4.5081
2.4957
2.7699
0.2308
6.5204
6.9945
7.0998
0.6516
0.264
4.6106
2.2121
2.8175
2.6196
7.5986
1.4467
3.1636
4.5339
0.1456
7.2616
3.0456
4.8355
7.193
7.8412
7.1376
6.6389
5.017
4.5011
0.1527
5.3058
5.5321
4.0795
3.8894
0.6777
6.7755
3.1951
7.6838
0.0706
0.0503
2.3099
4.5502
0.8774
1.2373
3.7021
5.4671
0.0714
4.2895
0.6688
7.5697
7.391
6.1815
7.0654
6.9339
3.542
2.8529
2.8243
6.7698
5.0305
2.5816
3.6851
6.9652
5.1073
0.635
5.0574
1.9589
5.3466
6.8688
5.4559
6.4407
3.3217
2.3373
6.7728
5.1483
0.1764
1.9109
1.3241
4.2013
7.4062
1.6264
5.4983
0.6771
4.9833
6.9492
2.5657
6.7411
6.2221
7.952
7.8746
7.6333
4.9019
7.4094
6.116
7.8266
5.0081
6.5076
2.8036
3.1623
2.8454
4.4685
5.1141
2.9113
7.4528
0.7776
4.5795
5.3136
1.3866
2.0025
5.8367
3.3186
6.0452
7.251
0.5425
1.327
0.9076
6.2293
0.6057
6.2601
5.4399
7.4117
0.2419
7.1817
5.9963
5.459
4.7947
1.7643
0.9062
7.3816
5.2422
5.422
3.6272
0.752
4.0607
4.3756
6.7857
3.1037
3.5967
4.0894
5.2155
3.7358
3.8064
3.799
2.6654
2.4435
2.8671
3.6215
0.9808
0.0844
7.4613
6.7325
4.5127
2.8906
3.1681
7.773
3.3921
2.3409
4.5983
3.7654
1.5856
7.8554
0.2033
5.7348
2.1804
1.4564
7.4219
0.6958
5.8543
5.2836
3.3249
2.1232
1.8505
0.5172
5.7052
5.3373
1.3555
7.1497
7.2612
6.2005
0.19
1.4199
3.9211
4.1046
5.0425
1.7376
2.6913
2.8247
7.5149
3.5396
1.9038
7.7645
6.6505
3.0261
2.9053
0.7341
3.38
4.0647
3.9729
0.054
5.5613
4.2088
1.4712
5.3037
5.502
4.9903
7.2709
0.2324
1.3661
4.1782
1.0731
0.0102
0.0315
4.2365
0.22
7.7658
1.4941
5.9081
4.0909
2.5071
4.5725
2.5111
7.5676
2.2815
5.8002
3.9792
0.2352
4.0132
7.6109
6.6635
0.0337
3.1201
7.5587
4.4755
4.3512
2.3692
1.6259
3.1066
7.4122
7.0654
7.3876
5.0935
7.1956
6.7237
1.8041
4.4989
0.5901
7.402
3.751
2.019
4.854
3.1884
6.5643
6.6205
0.2211
5.2275
2.4761
1.1515
3.0019
5.3964
6.2994
7.8885
6.6561
2.8309
4.0593
3.6525
2.7028
3.3426
3.0777
5.9747
2.6686
4.1358
1.9975
6.8759
2.316
4.931
7.6693
2.2662
5.0477
5.2897
4.3827
1.0363
0.5491
4.6073
2.488
4.2667
7.825
3.4592
5.2511
5.6829
1.713
6.9645
4.7384
3.5804
6.4833
0.5713
4.4598
3.1407
1.7209
4.5581
4.6041
2.1481
4.367
1.7489
7.7591
4.9431
6.8829
1.2785
6.5941
3.613
3.0718
0.277
3.5007
7.856
6.3642
3.8566
3.5218
6.7741
2.6113
1.0962
4.6549
2.2327
6.1436
3.9776
0.4123
3.3314
7.94
6.1198
5.5764
6.9887
6.197
5.2737
1.0857
7.6835
0.464
4.3959
0.9489
2.4092
2.9855
1.0525
5.8938
2.4542
4.0268
5.1559
5.0152
7.171
5.2537
6.4737
6.5834
2.8446
1.271
1.303
4.1259
6.5648
6.2541
6.2675
7.3136
7.6661
1.2223
5.4092
2.8333
2.5697
3.7112
4.3696
7.9049
0.9462
5.215
2.698
4.3378
3.6522
3.5259
6.9188
4.652
6.7964
4.91
3.4053
1.6438
0.8428
6.7408
7.4922
5.6724
4.2143
0.8405
0.2879
0.3537
7.686
6.2156
6.2091
7.43
0.4882
6.4252
3.8476
6.0942
6.3967
1.18
0.4493
3.7354
1.0983
7.8832
5.7277
3.2193
1.9958
7.4162
0.7631
1.9523
2.2915
1.7094
4.5629
5.2447
0.5654
6.9393
2.501
4.8032
0.3143
5.1505
5.297
2.7536
1.9021
5.9763
1.9434
1.2989
4.4711
1.3123
1.0831
3.9299
0.025
7.0177
0.6514
0.2058
7.4637
6.9161
2.871
6.9713
0.4429
4.2492
6.2901
4.7604
1.242
6.4722
5.7996
0.8381
6.2697
2.5621
4.497
5.9846
7.3541
7.5872
3.1742
2.0136
3.4647
3.518
2.6307
2.4812
4.8726
1.3877
5.8468
7.4555
2.9743
5.2739
5.8893
6.5811
4.2768
4.5145
4.6397
2.5365
2.7118
5.2158
4.4718
0.3973
3.452
6.7429
2.3131
6.0348
0.6249
2.7831
3.0965
0.7539
0.8862
2.6695
6.2904
4.5407
7.0795
7.9907
6.1297
0.3335
5.0664
1.3867
2.6668
0.7291
2.256
2.2856
1.2874
7.1224
3.0635
0.5295
1.4908
1.9305
7.9785
6.5456
2.5952
1.6149
1.5364
2.7557
0.7536
0.231
3.6281
0.0219
4.8462
1.0747
1.6327
4.4902
5.912
6.0703
5.1372
6.9251
0.787
0.5117
7.7879
4.9934
5.6377
5.5317
3.4019
5.4976
7.3784
6.8368
2.0265
0.5278
3.0703
5.9658
3.7132
2.8759
2.256
5.0199
5.4532
4.8581
4.9251
3.8355
0.959
2.9153
4.3496
4.1238
2.419
3.9494
4.0339
2.6878
6.3139
6.2792
1.3695
0.5232
7.7245
5.2861
0.0149
2.0698
1.0592
7.321
3.4546
3.2678
4.3169
1.3668
7.5617
5.7937
0.7834
2.8379
6.757
2.0421
6.4427
4.3065
0.6325
7.5482
2.9812
7.2797
3.5658
6.9638
2.196
1.3386
7.8947
0.5582
5.2787
0.1196
5.0324
2.8582
3.1798
6.7496
7.7879
0.465
2.6194
0.5019
1.7355
7.4354
1.1897
6.6723
5.2382
4.8864
0.7578
2.2263
2.8399
6.149
1.8058
4.9219
5.5267
5.0277
2.4044
3.2522
2.2429
6.053
6.0634
5.0081
2.4865
6.0128
6.0724
7.275
5.1982
5.411
0.6186
5.8001
6.1222
2.2666
0.4293
6.0832
6.3974
0.3414
5.2451
1.4751
5.0891
0.7407
5.808
6.1157
1.5831
6.4492
7.9402
2.8686
2.4525
3.5131
3.9907
3.8458
3.3059
1.407
7.6583
3.5552
1.7876
0.6219
3.8072
1.697
7.2843
3.847
2.4658
0.1038
2.1536
2.0261
4.8298
5.3217
5.8752
7.7493
0.4384
4.5189
7.2428
3.6091
4.2767
4.7253
5.9942
5.2261
2.6929
2.02
0.2315
0.1273
3.1103
3.8045
3.9551
3.7363
6.4173
4.2725
7.6035
2.02
7.5586
0.063
0.5582
6.0318
4.1926
1.9713
6.2089
4.973
2.7413
0.2522
1.9739
6.4577
1.9678
0.9711
7.0562
2.5039
0.3887
3.5909
1.0499
4.8435
4.9494
6.1068
5.9414
7.905
7.8238
3.5122
2.8285
1.4787
7.0167
1.7012
6.5848
0.1944
1.7406
2.4228
5.4405
5.6647
7.6538
4.6295
6.4419
2.8375
7.632
5.7837
2.9534
2.3221
3.0848
0.3481
7.1484
2.5352
4.7936
5.1044
4.1153
5.2517
4.3816
7.7037
0.9976
5.3501
7.1706
5.6128
5.391
0.3128
6.5562
1.5618
7.6021
6.6333
3.864
5.2358
3.5335
6.4878
7.1803
7.33
3.2321
2.2211
1.8449
3.6676
0.3416
2.0924
3.2585
2.1195
5.786
3.5788
7.1204
2.8475
5.4176
0.9503
7.7896
6.0014
7.0007
5.4748
5.3999
3.0328
0.022
7.482
4.3006
5.9363
1.8217
6.4469
3.5694
1.9517
3.0203
2.0887
6.3038
0.5119
4.0306
1.0135
3.9718
6.7118
4.9335
4.2162
5.7304
6.5519
0.6092
0.1699
4.4211
2.9644
2.2186
1.3183
1.5146
5.004
0.5637
7.6729
2.4839
1.2629
4.597
0.0453
0.8257
3.0119
5.2333
1.0546
6.5456
4.0885
3.4855
5.1262
1.2928
6.8664
3.5491
5.2788
0.4272
1.4163
7.0634
2.6035
4.6793
0.0195
5.3791
0.4448
5.9121
1.6001
7.4933
4.7609
5.04
3.7403
0.5351
3.7942
1.628
6.6738
1.6276
2.5979
3.0586
2.0167
1.459
7.509
3.2553
7.3195
0.6292
0.8725
4.006
6.8509
4.1064
5.4779
4.6814
7.7919
7.7223
6.5939
3.313
7.0091
3.4356
0.7242
4.3196
7.3808
6.0274
5.3497
5.4656
6.8764
6.5735
5.1055
4.5537
6.7305
0.1325
7.7093
2.951
6.0547
7.769
4.3547
3.7457
5.0009
6.1899
5.488
2.216
2.5102
1.7447
4.6282
5.0804
3.7131
1.7947
7.6318
6.088
0.7035
5.9924
5.2271
3.3355
0.3256
4.9344
0.6401
6.0696
4.3899
5.7819
7.8531
7.8633
6.3056
0.9062
7.8445
0.9475
1.0241
7.0776
3.468
1.4591
3.3212
0.0232
4.1688
3.507
5.8086
1.0748
0.9923
5.008
2.8078
0.7628
0.9456
0.7333
7.4721
4.2472
6.1981
1.7333
1.603
4.6577
2.9298
1.2357
6.0183
4.0406
1.3424
4.8296
2.5768
1.4177
3.4868
6.6917
3.0644
5.2336
2.1685
7.691
1.5042
7.6082
5.4531
6.5132
0.9058
2.2977
7.3764
4.4598
2.0252
6.9287
3.263
7.205
7.6328
5.3846
1.4667
7.3962
6.3748
0.9686
0.8279
1.1606
2.0858
5.3146
1.8978
7.343
7.1302
2.4547
5.0704
1.4065
7.0146
0.0649
6.0483
1.113
3.2325
7.67
1.8807
0.0826
2.2115
5.5141
4.5386
1.944
2.7614
2.7659
2.1203
6.9722
3.9632
7.8404
7.4493
2.4809
7.9611
4.2586
0.6758
1.4467
4.6756
7.997
5.3792
7.1904
6.697
0.5488
7.3558
7.4658
2.2789
0.4383
3.2024
4.1038
0.9219
2.7483
2.4263
4.7687
3.0611
0.2771
4.5671
6.0871
2.9597
4.2403
2.8849
2.8669
3.8234
3.8238
6.7033
4.2125
6.1008
6.5383
6.8313
0.8391
2.2682
6.3752
1.5815
4.3168
0.8358
5.4465
1.546
5.289
2.0202
4.1563
6.4835
3.0021
3.3875
6.9803
6.226
6.3396
1.4625
6.6313
7.3082
7.7535
7.3406
0.0215
1.5697
4.0533
5.8299
7.6882
4.692
4.6135
1.375
3.7133
7.2149
4.0326
7.8117
2.8964
1.2562
7.8476
3.4574
5.6833
2.8859
2.0443
7.7443
4.61
7.1623
0.1804
2.6809
2.5902
5.7686
7.6969
1.6161
6.8522
3.5736
7.6371
1.8342
1.9872
4.8282
5.4153
2.1653
3.3197
2.0173
3.0415
0.9749
5.7886
2.7681
1.4244
7.9586
4.1661
2.7332
4.9802
5.0941
0.1916
4.2701
2.8422
6.4805
4.314
6.8126
0.3323
2.5287
0.7768
0.4094
5.9252
5.8018
0.5361
4.2192
3.5141
1.4946
5.0102
3.4219
2.6361
5.7748
1.7183
2.9062
2.4811
5.0499
1.004
2.6241
3.7809
3.9387
3.003
2.557
5.1769
1.8968
7.4871
2.6081
6.1665
2.9727
4.5682
3.9541
1.3224
5.1662
0.7663
0.1319
2.7856
5.9472
0.8784
6.0355
3.0019
5.6844
2.0994
3.1169
1.1563
4.2641
2.6241
3.7988
6.3619
3.4164
7.7709
1.9414
2.6105
7.6796
0.6032
6.2777
7.1072
1.0859
2.9914
4.8047
3.2457
6.9889
4.7172
6.286
6.2577
0.5264
2.8754
7.5521
4.9515
4.3559
6.0691
1.3772
7.3936
5.9923
4.3804
3.5328
0.1279
4.7773
2.0813
6.4559
7.9139
7.0992
7.8213
7.3349
1.7555
5.3437
0.0789
2.7339
7.2008
6.4732
3.2383
6.6881
3.5841
3.4131
4.0455
7.3839
3.309
5.306
6.3622
6.8767
4.8875
1.2703
1.765
5.4214
5.6399
1.6927
5.4695
6.6343
2.0218
7.7989
4.7817
7.361
7.2115
2.4592
4.7366
5.2424
0.6403
7.2358
5.7878
7.1671
4.9689
7.3852
5.0872
0.692
2.2806
7.6494
2.5764
4.3998
0.4611
4.2028
7.9144
7.5282
7.8602
3.3431
6.1839
3.6098
0.7361
1.6184
0.2839
4.4372
4.4312
2.5847
6.0641
6.878
3.1836
6.0111
5.1823
6.2003
3.0666
5.5023
1.5868
4.9287
6.6139
0.9811
3.3369
6.0644
4.8795
5.4286
5.4299
7.298
0.6451
4.4659
4.495
3.4722
3.6202
6.393
3.9644
1.5768
3.1421
2.4406
6.8448
3.2025
1.6151
3.7914
3.8048
2.7002
4.1568
2.1523
3.2987
6.0479
4.2123
2.0965
3.264
4.2157
2.065
4.804
5.093
5.2724
2.7589
3.9794
0.7944
0.9053
0.3367
2.6597
1.979
1.8628
7.033
1.3657
2.0981
1.8564
5.1614
0.3709
3.2047
0.7529
2.2605
6.011
7.0195
4.8036
2.3351
3.1147
1.2283
4.8831
0.7746
1.3357
1.8578
3.838
2.9191
0.0165
0.4783
5.7265
7.5673
1.8331
2.0307
0.0833
7.3782
4.6765
6.4619
1.7022
3.8472
6.6153
5.8098
2.6041
2.0212
1.5123
4.0461
7.2695
7.2408
2.0305
1.8215
1.513
3.3125
5.9443
4.6952
0.1659
5.3402
3.9995
0.4342
4.8568
5.0706
6.9612
6.7379
7.7177
2.4916
5.5623
3.1561
7.4581
0.9986
7.231
4.7165
2.7648
2.0409
7.6553
6.5314
1.2653
2.1453
6.7707
7.866
2.4214
6.8222
3.8134
3.0857
5.2625
7.1708
2.2846
6.9009
6.5622
4.4033
1.7651
6.7123
2.3017
0.8739
3.4873
4.8846
5.2179
6.0693
3.4503
2.5908
2.2573
5.8291
4.0485
1.7098
0.95
4.3561
2.5093
6.1546
7.5625
7.358
5.066
6.493
6.7202
6.1225
7.6971
0.1425
2.551
2.64
3.6099
1.3003
2.2601
2.6964
3.981
5.3221
7.548
7.6954
3.7694
7.5426
4.4969
2.2023
6.6938
5.8935
1.2484
0.0604
7.4743
5.0121
1.6023
4.3397
6.6139
2.8663
2.6671
5.8163
1.4474
2.6112
4.3845
7.4196
6.5761
2.3328
0.0109
6.1333
4.141
0.5369
1.3879
5.0833
3.6347
0.2173
2.7293
1.7481
0.1468
5.3713
2.1441
5.2007
7.3139
1.6652
4.0569
0.0458
7.3231
0.775
1.9835
1.9414
0.7852
7.4431
3.8513
2.2879
1.1085
4.3738
6.2673
1.0049
1.2782
7.3924
1.0706
6.4633
4.1887
5.1575
5.9785
5.5099
5.7932
7.19
2.2609
1.3504
7.19
2.4802
1.4473
0.4756
4.0518
1.4045
7.7591
6.8568
6.0612
5.2872
6.1004
3.498
0.9162
4.892
0.5387
0.6581
6.7693
0.3578
7.5013
3.4319
2.9286
4.2493
3.5772
2.3723
5.423
2.1116
7.8231
1.321
3.0716
6.8434
0.439
7.9327
0.3639
4.0972
3.5922
5.1882
2.0989
6.4071
1.9017
7.479
1.9578
2.556
6.4235
1.624
5.3335
7.9305
4.8641
2.5316
3.9792
2.4564
2.2679
7.1624
7.117
0.1715
0.4236
7.3744
7.7248
6.5084
5.6249
2.485
2.6118
1.7551
4.8265
0.9401
3.6096
0.8311
6.8416
0.2892
6.4496
0.6939
1.7578
5.6032
4.0881
5.1178
4.9538
2.0744
0.9039
3.764
4.3472
4.8607
0.2601
2.1528
6.5096
4.5072
1.5826
0.0164
5.0592
0.4331
7.0827
2.2138
7.1868
0.9717
5.9387
4.5195
3.62
7.3614
3.8138
2.6259
2.3991
2.7924
1.0002
6.9792
7.9895
4.5111
7.1701
0.6974
7.7669
7.2153
5.6984
0.3839
6.5504
0.4283
1.2394
2.0575
7.7021
1.5317
7.02
1.909
5.1254
0.9139
6.2384
2.4758
2.6711
0.1933
0.7906
0.6467
5.1151
4.5743
5.0915
6.0026
2.2647
0.664
5.3542
5.0667
2.6715
2.8359
3.021
1.0599
7.2124
2.4059
6.1332
2.4681
4.6421
5.208
7.3634
6.5012
4.1633
7.682
7.9376
3.1272
7.5548
0.5644
5.5903
1.8077
3.2631
3.6198
4.1375
2.9569
5.9759
1.3751
6.6353
6.619
7.025
5.9225
0.4052
1.1276
1.5585
7.2545
5.4844
0.7697
1.5129
0.241
0.332
4.255
1.4164
7.9123
7.246
0.9919
1.7376
4.2278
4.6025
4.0378
3.4092
3.9232
2.3841
7.5176
4.8224
5.9845
1.5324
0.6646
6.5542
4.5777
1.7173
6.0866
4.1862
0.362
6.0397
1.9377
0.1525
4.2914
2.113
2.9594
0.3998
1.1153
1.5655
3.9379
3.7135
4.7204
7.8262
0.6532
0.8342
1.4491
4.0051
5.8824
0.2877
6.5073
7.8205
4.5535
4.5804
3.6401
2.4173
1.3626
3.1422
5.1695
3.4179
6.0526
5.4885
2.8208
4.5737
3.2746
0.6434
6.6966
3.361
2.0116
1.429
0.7842
6.6883
1.2404
2.1913
7.7581
7.4344
4.4145
7.2758
4.9435
6.6412
7.4122
3.5714
6.7797
7.5064
5.5845
6.2521
1.7685
2.4073
3.1776
5.5835
0.4972
0.2092
5.2841
0.3902
2.6736
4.1499
6.1203
7.3395
4.0072
5.9413
7.4918
7.2337
1.3578
1.4924
6.6437
6.7115
6.1111
4.4952
7.1119
5.9249
3.8622
5.5598
5.0617
1.2757
1.5592
3.4349
5.2675
5.2438
0.6971
3.4909
6.7627
4.6412
3.4839
1.9188
3.668
2.0734
1.0432
2.2805
2.9521
1.5377
7.8621
3.0643
4.9161
5.1695
5.8548
4.2691
6.6015
7.3677
0.5041
4.2655
2.6923
5.6854
2.8154
7.9552
6.1916
2.3763
1.0003
6.7469
3.722
6.3817
3.6254
4.4534
3.8695
4.3174
5.9606
1.7364
1.796
2.0009
7.8063
0.8228
6.1546
0.3171
2.3919
4.6077
5.6696
3.3
7.5091
0.3362
6.0657
7.8923
1.275
5.8356
3.9147
0.8561
7.1903
5.5413
7.4165
3.775
3.3675
2.9023
1.8502
1.005
6.6702
7.6598
1.7534
4.6131
6.3477
6.7318
6.2002
5.6257
1.2017
2.3449
0.5191
5.6642
5.6306
3.8899
5.8694
2.9518
7.8011
7.6667
3.2299
3.5901
7.7518
1.2257
4.224
0.7082
6.7038
2.3786
1.9589
0.8873
3.3165
7.9672
6.4425
4.7021
2.7592
6.3044
2.6066
2.7672
2.329
1.4631
6.0909
6.9031
4.9104
2.4396
1.3
5.2653
3.8343
4.1568
5.2824
2.6374
5.2066
2.3822
7.2322
1.2097
6.1111
3.3239
2.6541
6.3905
7.0166
1.1746
0.3933
3.7349
2.8894
6.4354
4.0233
6.576
1.6661
5.1306
1.8495
0.6964
3.4718
5.5672
7.6032
3.6502
7.8538
7.6945
7.3287
0.4675
0.5944
2.2466
3.5939
4.92
1.2709
3.3179
2.5972
2.2894
3.9233
3.6223
7.1372
6.9446
2.5806
3.9714
2.0759
3.4133
7.0563
1.297
3.8643
1.3432
3.7428
1.8403
0.6846
4.7637
2.5283
2.2407
6.6487
7.9293
6.2954
2.3556
0.5455
0.0769
1.4293
2.5631
2.8494
4.2283
6.4526
6.1728
5.9779
5.7884
1.1182
2.617
1.402
1.6464
3.5208
3.6908
7.0353
5.6284
3.3543
6.1267
4.9902
1.2584
6.7675
2.7642
6.7156
3.6727
5.6969
1.1804
4.9547
6.795
0.4661
7.9896
4.1481
5.4024
4.6248
4.493
7.9608
6.3223
0.3137
2.8938
6.9808
7.1795
4.7097
1.3452
1.3834
1.414
5.1043
1.1498
6.7105
3.9526
6.1857
3.601
2.2575
4.7614
6.1382
4.7752
2.5967
4.2236
4.2467
2.5512
1.8771
5.9139
3.5665
5.4288
3.5824
7.8218
2.3153
0.6268
5.6704
4.8159
1.9389
0.6371
3.166
0.0017
0.7854
0.1011
0.8461
2.5917
7.7518
0.3785
3.483
6.4041
1.607
2.418
0.4394
5.8047
5.5945
6.3952
3.589
4.1354
3.0082
6.4408
1.1548
1.3197
3.4177
5.9569
0.2346
4.3534
5.8766
4.8893
7.1234
7.423
6.0598
2.7412
0.0964
0.2255
2.642
4.5552
5.383
0.7819
0.6412
4.3313
4.7576
5.0149
2.9362
3.1626
0.7616
7.3368
0.3547
0.2882
4.5592
0.5322
2.811
2.637
3.058
0.0341
1.7227
3.9292
3.7151
5.2752
6.1974
1.8439
3.0922
7.5263
5.67
0.3202
4.4754
2.9139
0.4386
6.2236
7.1877
7.9406
3.6927
1.4471
7.0283
1.4716
1.465
4.4076
5.3749
3.76
4.5987
1.291
1.7651
5.8568
7.07
4.2524
5.8799
3.5676
2.6991
2.5921
3.4435
7.7669
0.8029
5.7813
7.9692
2.9964
1.19
4.196
1.4673
2.7888
6.4196
4.4595
4.2267
4.3149
2.98
5.167
0.4068
7.2461
0.8417
1.6834
7.8086
2.8951
1.2217
4.7332
2.4474
4.3519
6.2242
7.2774
1.1795
1.9109
3.893
0.2124
1.675
2.0242
2.0004
2.9736
4.5769
6.7981
1.2371
0.9438
1.1927
0.74
4.4424
1.9695
2.8458
5.299
5.2525
3.5392
1.0934
7.4177
1.8369
6.1996
0.9128
1.8884
7.7007
7.3357
0.761
1.5864
1.811
6.7479
0.7539
5.3018
7.0321
0.2009
1.5352
7.3417
1.8969
5.1094
6.8736
4.2435
4.9087
3.0045
2.0121
3.444
3.6436
0.9113
1.6071
3.598
5.2931
4.7273
1.7637
1.6355
7.9818
7.4624
6.1157
7.697
1.3511
2.4981
5.3604
3.1247
0.7773
4.3158
6.272
4.6098
0.9258
2.3834
0.5372
2.3253
6.2031
1.9775
0.808
7.8571
6.4669
6.9908
5.3261
4.5172
4.4784
1.6208
5.6934
3.5069
1.5004
7.4375
1.659
4.1117
7.6127
6.5075
0.8871
7.2429
7.2732
5.3191
3.5986
5.7033
0.1151
4.2754
0.4611
4.6088
7.462
7.8365
6.1165
7.9837
5.6771
3.646
0.2408
0.8656
2.0799
0.3635
2.2582
6.3366
6.0652
6.1099
7.5212
2.0309
0.4592
4.3099
6.0046
0.1665
0.0492
1.8414
6.6728
3.2439
7.6708
4.4727
4.4867
0.4225
7.48
0.6359
1.9861
1.6866
7.3053
7.5437
7.8797
7.1379
5.1551
0.6747
1.3042
0.0593
4.0009
6.0622
4.6994
4.546
6.0928
7.6094
5.5173
4.1237
3.2391
7.5915
6.2638
4.4963
2.8829
3.2562
2.7273
4.1229
6.1466
5.1346
7.2432
5.5576
7.486
2.5004
1.5881
3.1056
5.8821
4.9925
6.1609
7.0578
0.4839
7.4816
7.1208
6.0704
7.905
4.0818
2.9861
7.3791
7.632
4.6647
4.8303
0.4146
1.1724
0.014
2.6621
0.6216
5.1992
5.7284
5.5245
5.7843
6.552
5.7489
0.423
4.1878
6.0298
5.3549
6.7139
7.1855
0.9254
6.6685
2.2048
2.5034
7.5123
4.792
4.1439
0.6317
2.2258
5.2229
5.8463
7.8966
5.8682
0.8509
2.1786
7.749
6.7195
0.5895
6.0977
7.3552
0.9282
0.3871
1.1985
2.2139
2.8051
1.2815
5.6911
4.4399
1.453
1.1526
7.2438
5.3224
5.2859
3.6728
6.5394
1.4568
2.9617
1.4641
4.1412
5.6985
0.6523
3.2956
7.2654
6.2671
4.0019
0.0187
4.843
4.9777
3.1831
2.1329
3.3254
4.696
5.4772
6.9475
2.0895
1.215
0.8634
3.7652
1.3846
3.4764
1.7812
7.1249
6.8791
2.942
6.7024
5.1039
1.7607
3.2855
0.2021
4.0539
5.4904
0.8734
5.6839
1.7036
4.4527
2.3921
7.2491
0.6747
7.1538
4.9092
6.1638
7.9594
1.0613
5.0709
2.3829
1.7741
4.3745
4.0437
4.9649
5.7054
2.7776
3.9177
1.7808
3.1718
0.1658
6.68
1.663
5.3809
3.9645
6.1686
5.011
7.9524
4.4623
5.0582
2.977
3.6036
4.7377
4.4581
0.1745
1.5483
4.339
0.1798
4.8994
3.5657
6.8286
5.1915
2.085
1.6386
3.9396
0.6801
6.7942
7.2515
1.5307
6.9772
5.1234
1.0536
1.5476
5.4027
4.9726
2.5749
1.3541
2.901
4.9579
4.2688
5.5038
0.8387
6.5343
1.0058
5.1458
7.2232
5.1749
4.1054
5.8593
7.5361
1.1537
7.9084
4.0133
3.2897
6.5901
6.4232
2.2899
3.6497
3.4056
5.8956
2.9458
0.7881
0.6499
4.4686
0.0071
3.6683
3.4735
1.6534
2.5544
4.9085
2.7256
1.9891
5.8238
0.0973
3.3598
7.1695
3.173
3.4726
1.6918
0.8504
4.8672
5.514
2.1858
3.4298
0.024
4.837
7.6766
6.5965
0.4979
4.0827
7.0781
0.0458
6.0859
5.0694
3.9665
6.6606
7.7026
6.6657
0.4421
0.6868
3.341
1.8968
7.9346
2.036
1.0116
7.9037
6.2656
5.9486
5.2846
3.888
3.0002
2.098
5.8591
2.7465
5.0849
4.4153
5.6234
2.1448
7.5727
2.0655
1.0792
5.1337
3.1471
2.6736
5.0176
1.163
2.517
2.6337
3.6424
4.6708
3.9384
0.221
7.349
3.6984
7.6789
2.6445
2.7879
0.1865
1.8961
6.1947
7.1739
6.5296
5.8809
4.048
2.8674
1.5498
4.1224
6.2301
5.0184
1.8843
5.9509
3.1504
4.5326
4.1184
3.3222
3.3734
7.3784
2.7244
2.1193
3.4593
0.4698
4.9588
6.5383
6.8962
1.9508
5.1421
2.2114
5.4681
1.2984
3.6476
1.0095
6.3861
2.5752
5.8387
7.5624
0.2966
3.0652
7.1447
2.0753
3.0709
3.2155
1.8059
2.6376
2.0605
1.0137
7.1714
2.8575
5.6631
0.9538
7.4769
7.046
5.1026
7.5029
1.321
7.4748
7.6974
0.9835
0.6353
3.5752
3.6533
3.0769
0.0413
5.7792
6.8352
1.1059
7.727
3.0246
1.0262
5.5404
0.8149
2.389
6.6153
1.2091
2.8528
5.6255
7.8001
0.029
5.3938
0.0339
1.6013
1.5174
7.9962
3.4272
2.8753
5.3739
5.2187
1.6549
4.3886
3.7125
1.2805
7.8544
1.1492
1.2014
0.4322
1.0353
1.0645
0.4783
6.2874
2.9223
0.7724
0.0325
7.1289
7.7292
3.4135
4.6843
7.9139
3.0997
7.6219
1.9845
1.3964
2.2313
3.626
5.792
6.5491
6.1273
7.2307
4.8602
1.8914
0.2444
6.8969
1.8434
7.4641
2.175
7.3347
6.9387
6.0537
1.8074
3.2702
2.1725
6.8411
2.1574
5.9933
5.6181
3.1659
0.2846
2.899
1.0346
4.346
4.3132
0.3098
6.1572
7.3642
0.4471
6.69
0.8466
4.772
3.3846
4.453
0.4729
1.892
6.4538
2.1184
6.5767
0.9763
6.2284
1.4447
6.79
7.5852
4.0003
3.1245
5.7383
4.9085
0.594
4.6132
3.7864
3.0393
1.2844
6.3574
0.8905
0.5768
5.6694
5.1512
6.4303
7.7498
5.2702
5.8625
4.4166
5.5552
0.9107
1.407
7.7825
5.0935
0.9816
0.8564
1.1121
3.8064
6.3395
3.6695
2.4645
1.5126
4.2154
4.7508
2.9039
0.4911
5.6481
