1.7945
1.1457
1.7486
0.4379
0.392
3.2915
2.614
2.3982
3.1832
1.3474
3.1383
0.7782
2.6489
0.4508
1.9329
1.6069
3.6835
1.4966
3.7975
0.5326
3.2812
1.3233
1.1725
3.3292
1.9383
1.1263
2.7882
2.8055
2.9422
3.8617
3.1355
0.0288
2.0395
0.2719
0.2437
2.2911
1.0566
2.2747
2.9638
3.4513
2.7626
1.9819
3.8588
3.565
2.0019
1.7067
2.6963
0.9412
0.2603
3.0606
1.4646
3.5652
1.2718
1.0476
3.8075
0.9349
3.3137
1.2157
2.1154
0.4932
0.8633
3.803
3.7413
2.1537
2.5202
1.755
0.8681
2.762
3.4201
3.0095
1.9827
3.8682
3.3606
1.9709
3.4829
1.3196
1.4748
0.2359
0.8307
0.6576
2.2858
1.5962
1.0351
3.2133
2.7889
1.4567
3.5662
1.1409
2.9936
3.0814
1.3878
3.7785
3.8462
1.3423
2.0067
2.4609
1.06
2.2076
0.9878
1.3785
3.7813
2.0472
1.8026
2.4123
0.2237
1.9506
1.6468
1.5426
3.9999
2.0024
3.0099
0.7998
1.2953
1.7531
3.7881
1.9523
0.6697
1.059
1.1356
1.491
0.4416
0.3088
2.1275
2.499
1.3416
0.2226
3.6617
1.1266
1.5759
0.1921
2.3928
3.4386
3.1394
0.8219
3.9415
0.1755
3.0623
0.5796
2.4354
1.8853
0.4359
0.7769
1.1552
3.9537
2.2494
1.1739
3.0897
3.243
3.8455
2.7484
1.5272
0.6038
2.6602
2.86
0.1977
2.004
0.1811
2.2898
1.8753
0.0745
1.1689
1.9806
0.7414
0.9135
1.9227
2.7661
1.4361
2.4517
3.9016
1.641
3.3252
2.7898
1.5951
3.6473
2.3224
0.0638
3.0913
1.2543
0.0347
0.755
3.7635
3.8773
0.9656
2.582
3.3983
1.3537
1.703
3.1097
0.1291
0.9246
0.757
1.5735
2.3545
0.9239
3.0622
2.317
3.6607
3.5114
0.3775
2.0569
2.0435
2.5199
3.5417
0.2292
2.7173
2.3105
3.2708
2.1834
3.9638
3.228
2.4265
0.3661
2.2758
3.1738
1.7894
1.8836
1.0941
3.4332
2.762
1.2212
0.5791
1.8754
3.9539
0.8028
3.9923
2.4007
1.755
0.5123
3.7714
2.4331
0.7092
0.4283
3.2823
0.9633
3.8359
3.5563
1.5007
1.6571
0.666
3.4857
3.6504
2.9184
2.9577
1.3964
1.0638
0.625
3.9489
1.3898
0.058
1.3836
3.2348
1.6771
1.9368
3.9636
3.5142
1.6259
0.2058
2.2872
1.1234
3.8893
3.73
2.814
0.5081
0.6239
2.9869
2.7764
1.5222
1.5003
2.2502
0.2205
0.9652
0.3066
3.2949
0.7562
3.5983
2.4164
0.764
0.3795
1.6312
0.8407
1.1715
2.4695
2.2269
2.1796
2.073
0.5301
1.6114
1.8629
3.9522
1.6229
0.5113
0.6698
1.3975
0.4939
2.8256
2.8075
0.0616
0.6727
3.66
3.2257
1.5595
2.0128
1.6691
0.6286
0.4839
3.7904
0.2607
1.5827
1.0344
3.1613
0.6202
1.7405
0.6445
0.5927
0.2626
3.6583
0.3851
2.2873
3.4316
2.6893
0.1353
2.3301
1.1972
0.1547
3.7832
0.6534
0.8372
2.5349
3.1949
1.3668
0.6098
0.7859
0.9166
2.9211
3.0482
0.0519
1.6661
1.617
3.3959
3.8668
0.7675
0.8901
0.8398
2.6673
0.2664
1.985
1.8263
2.0966
0.5582
2.3291
2.1522
2.8984
1.7737
0.7706
0.9408
2.7104
0.8907
2.2087
1.9226
0.8359
3.6593
2.7006
1.9472
2.1668
3.6284
3.161
3.9275
2.9161
3.2321
1.4809
0.5684
1.8949
3.2688
1.2328
2.4538
3.5301
0.5107
1.5028
3.6365
1.8289
1.5783
2.9081
1.0027
0.3232
1.2662
0.9933
2.8662
2.3779
3.0514
0.1261
1.9952
0.1884
3.0721
1.1933
1.1186
3.4531
1.0657
1.1988
0.7251
1.0901
0.9996
0.6197
1.9272
0.7042
1.5996
3.4101
1.549
0.4799
3.7546
1.4902
2.1672
1.2279
0.7633
2.8104
3.874
1.1722
0.5788
3.8512
3.8097
0.4471
2.4196
1.4131
1.0295
2.8184
1.3639
0.1256
3.6921
2.6575
2.8622
3.4484
1.0038
2.7002
3.4599
2.2565
0.1812
0.6163
3.655
3.4992
1.7265
2.5093
2.2857
2.9627
1.3461
1.9645
0.3981
1.0911
3.2226
0.6317
1.111
0.947
1.8746
3.491
1.0535
1.8173
2.5089
1.395
1.6949
0.2463
3.3805
0.162
0.1822
3.7035
3.3072
2.6446
0.7048
2.912
3.2915
1.2635
1.0473
1.5538
3.8861
1.1851
0.3153
1.9425
1.4674
1.9384
1.5532
1.6494
2.3493
0.5328
3.7898
0.945
2.7014
2.6176
3.6624
2.4724
3.4932
3.5448
1.2964
1.7344
1.0397
3.1741
1.6638
0.5112
0.4369
1.009
3.3136
2.1061
0.5781
0.7406
1.7916
3.2985
1.9197
3.3887
2.8476
0.1304
1.4835
3.5246
0.2787
1.1826
3.1131
1.4022
2.4816
0.6441
2.5679
3.7625
1.8408
2.9473
3.1635
2.7128
2.7036
2.1121
1.9412
3.6973
2.4129
0.6187
2.8699
0.2055
2.7909
1.4398
0.7625
3.0419
2.926
2.1368
3.2326
3.7673
1.0791
2.7647
3.9253
3.4509
2.8617
3.2143
3.1244
1.996
3.4091
2.202
2.2352
1.204
3.8519
0.432
3.7569
1.3329
1.5931
1.8646
1.9735
2.946
2.8989
0.0411
1.1503
1.7149
1.3102
2.432
1.8602
0.5001
3.2972
2.9171
2.4434
0.0518
1.6004
1.7305
3.592
1.1269
1.0442
1.3613
1.9675
3.7206
3.9824
2.1365
1.7758
1.6927
2.3377
0.2022
0.5878
2.8059
3.968
2.962
3.2154
3.2506
0.2076
2.3748
3.5054
2.2671
2.3374
1.5812
0.6656
2.4632
0.6197
3.1498
3.9619
1.0923
0.3944
3.8419
2.1072
3.3038
1.0828
2.6298
0.8073
3.8549
0.1939
1.313
0.4184
3.6901
3.9797
3.0017
2.2273
0.7779
2.3382
1.2035
3.5944
0.8012
1.1446
2.9171
3.7556
3.0162
1.0178
2.8682
0.7935
0.6678
2.8659
0.895
1.3847
3.6966
2.8519
2.6848
3.5991
1.7574
0.0552
1.9793
1.9102
0.6656
3.2174
1.3296
0.9932
1.6673
2.0464
3.6824
1.5066
1.7921
1.3478
2.8237
1.2902
3.5244
1.2522
1.6084
2.0438
2.2918
0.9487
0.8855
1.4373
0.0895
2.4529
3.9341
1.6014
1.3656
2.0817
3.6415
0.5923
2.9801
3.7573
1.0952
1.9656
2.0982
3.899
2.7895
3.1772
2.6182
0.5689
3.2219
3.8543
0.1095
2.9601
0.2511
0.4423
3.2769
3.1238
0.7966
2.8329
1.8347
3.4628
1.2209
3.3698
2.2005
0.4191
0.2328
3.0039
1.756
2.5297
3.61
0.5512
3.5927
1.4993
1.5725
3.8538
2.5823
0.6128
1.9071
0.8651
2.9789
1.7498
1.7167
2.5042
1.256
3.2046
3.92
1.9136
0.2663
1.8728
1.3639
0.5168
2.5827
2.2905
3.3746
1.7967
1.1616
2.0965
1.262
0.2448
3.1516
2.3718
2.2468
1.3879
2.5065
1.5222
1.7159
2.3617
0.1701
3.7853
1.36
2.771
3.6846
1.8956
2.8136
1.4215
2.4257
2.1631
2.0728
0.1268
1.6784
0.7402
1.1687
2.1248
3.6113
2.6278
3.5645
3.1819
2.9907
2.7031
0.8254
3.2393
1.1836
2.6139
3.911
0.1849
0.0866
0.7438
2.3924
3.3137
0.3736
2.7471
2.4227
0.7637
2.2383
1.8408
0.2936
0.0026
0.6466
1.3956
3.0229
3.9453
2.4708
1.046
2.9798
3.5426
3.2431
3.4616
0.5855
1.5981
0.9863
1.6265
3.006
0.66
3.249
1.3278
2.6961
3.0392
3.1373
1.4551
2.014
1.1812
1.6244
3.702
2.227
3.8946
0.8045
0.0284
2.7389
1.2112
0.7869
3.9601
0.5727
0.2746
0.7246
2.9558
1.214
3.8728
2.7908
2.1869
1.6979
3.0975
2.3368
3.6495
3.9627
0.6896
2.0589
1.2752
3.543
0.9819
2.7114
3.6079
3.9632
1.0815
0.4442
2.2941
0.8808
3.5994
0.2558
1.0783
3.581
1.6885
0.1558
1.566
1.1912
3.1421
3.7119
1.3942
1.9521
3.9402
3.0028
1.4121
0.6232
1.4299
2.5325
2.1496
0.9033
3.9957
1.6237
0.1323
2.9707
0.2488
3.2671
3.9053
3.4503
2.599
2.6563
1.1192
1.9432
2.5262
3.1104
1.9249
2.1034
3.7394
1.3666
2.3475
1.6022
3.1264
2.422
3.0705
3.4193
1.9821
0.3678
0.0461
1.6676
2.0056
0.6315
3.0182
1.2771
3.9098
2.6256
3.1518
1.9094
1.4106
1.8062
0.5658
3.8316
2.8782
0.375
1.5692
1.7282
2.8112
1.7781
2.5123
1.3874
2.5494
3.3054
3.7394
1.9582
1.2395
0.8622
3.6777
1.8051
0.9857
1.4397
3.4314
2.0329
1.3335
0.6438
3.2111
3.9365
1.6626
2.1266
2.8781
1.271
3.077
3.7947
1.8365
1.4651
2.5562
3.1697
1.2233
0.4701
1.6312
0.434
2.9046
2.8305
1.1299
2.7987
2.027
3.6402
2.1271
2.7047
3.3513
1.5801
0.465
0.2173
2.5434
0.4693
1.78
2.829
1.9588
0.9881
3.1054
3.5529
0.7476
1.7043
1.9983
2.0911
2.6041
0.1482
0.7643
2.6687
2.997
3.9077
0.1346
1.8277
1.6584
2.9467
2.3153
2.0787
0.8106
1.1703
2.6928
3.5059
0.8388
3.2853
0.8653
2.2714
2.4452
3.3536
1.6766
3.061
1.2432
0.86
1.3826
2.7211
3.3424
1.5538
0.8947
3.7901
2.3932
1.3797
1.2942
0.6361
1.4171
0.4916
3.6053
1.266
1.9208
2.2476
3.8935
1.3174
1.6544
0.6825
1.27
0.3121
0.3919
1.4352
0.7864
2.6568
1.2965
1.683
1.029
1.771
3.6739
1.6839
2.0614
3.1658
3.949
0.9704
3.32
2.3256
3.1916
2.363
2.7767
2.1332
0.6787
2.8217
3.9698
1.1377
2.7531
1.0086
1.899
2.8289
3.8397
2.4774
3.2449
1.7114
0.1858
1.1991
3.1055
2.8782
1.8414
1.4626
1.7516
0.6599
0.2769
2.1414
3.6844
1.4488
3.3825
1.2283
0.1299
3.3978
2.5768
0.2225
1.874
3.246
1.755
0.1588
3.7396
1.2579
0.6516
0.0008
2.4294
0.2586
2.5096
0.9079
2.0839
2.6407
2.3226
3.3171
1.9876
0.9407
1.7702
0.2605
2.1853
1.6989
3.0817
0.968
2.1664
2.0481
1.4892
2.6946
2.075
0.0451
1.3028
1.7669
3.8192
3.6162
2.473
2.0831
1.8775
2.6651
1.6092
2.2157
1.1939
1.3248
0.9194
2.4176
3.1671
2.3361
0.9228
3.9877
3.4798
1.463
2.7612
1.7905
1.9244
3.7402
2.4683
2.958
1.045
2.4642
1.7665
2.4523
3.0343
2.7849
0.3587
3.9715
2.2407
1.2055
0.6088
2.3974
1.2123
3.6227
1.29
3.0484
0.4503
0.3202
1.2592
0.9094
0.1107
2.0865
0.902
1.0712
2.1835
0.9214
1.1203
1.2268
0.5516
2.767
3.3306
3.4239
3.5382
1.4176
1.3353
1.9488
2.9814
3.7562
2.0489
2.4298
2.1525
3.9261
2.2193
3.3785
2.3843
2.1543
2.4589
2.1824
1.8978
1.9482
1.1276
0.6131
2.4614
1.3053
3.2503
3.5092
1.9105
0.9873
0.8461
3.2215
0.2465
2.8181
0.1763
2.2983
0.7223
3.446
0.2749
3.6476
2.8117
2.0605
1.7069
2.8042
1.0647
3.4413
1.1835
3.6606
0.3243
3.5659
1.2863
1.171
1.8647
0.4251
3.8181
1.0794
3.9133
1.6518
3.0309
1.1248
0.4982
1.3279
1.9373
3.0757
0.8575
1.1459
0.0458
1.6697
3.1746
2.725
1.6703
1.7802
3.5757
2.4117
0.279
0.3677
2.9281
0.9911
3.5887
1.9528
0.6117
0.5214
1.0848
1.2339
2.047
2.9533
2.7571
0.0739
2.4707
0.979
3.5318
3.8547
0.5865
1.1139
1.8802
3.4614
3.9996
0.4426
2.7183
3.9014
1.59
0.5518
0.967
1.4243
3.9299
2.2121
3.0507
0.7122
0.3415
3.2311
2.9921
1.786
3.8126
0.3419
3.8943
2.0045
0.4375
1.2221
0.6511
2.8306
2.6123
3.1859
2.8348
1.3212
1.2932
0.7964
0.4624
0.7249
2.9434
3.1977
2.2593
1.7471
0.0443
2.161
1.5628
1.0055
1.7391
2.2974
0.5604
3.367
3.386
1.1921
2.0189
3.9858
1.8661
0.6979
1.9424
1.2197
0.697
1.8657
1.213
3.6375
2.9103
3.429
1.6887
3.1323
2.5597
3.0049
1.4519
0.2181
2.4121
3.7251
2.0083
2.4809
0.2959
0.3347
1.4232
3.5228
1.0621
2.7532
2.9558
2.2675
2.5107
2.5477
3.6129
3.7646
2.5769
2.046
0.3241
3.3949
0.7576
0.5883
0.1827
0.7475
2.4365
0.7007
3.1274
0.5018
2.0835
0.199
3.2429
2.9828
1.8382
3.1794
0.449
1.0752
2.0456
3.9805
1.0547
2.9004
2.8518
3.5561
0.4233
1.0263
1.4782
0.1845
0.0266
2.4116
1.6699
3.1033
2.5986
0.1562
3.4592
1.2436
2.2785
0.832
3.284
2.248
3.5191
3.4596
0.1061
3.0703
3.4017
0.0858
1.275
3.464
2.6654
2.0751
2.519
1.8786
2.7169
0.1027
2.5683
3.2977
2.5027
1.3791
3.215
3.8631
3.0181
1.3494
1.8385
3.7873
2.8776
3.1593
2.0555
0.7208
3.5672
1.1631
3.2652
2.1909
1.2295
0.698
3.4135
1.1026
2.3297
0.78
1.3144
0.5265
2.3253
1.2052
1.9736
1.163
3.5171
3.5937
1.9846
1.5131
3.461
2.5879
0.241
1.1003
2.6287
1.767
1.192
3.1349
2.1977
3.8409
3.8235
1.4281
2.7908
1.0566
1.0985
1.2695
3.8002
1.9097
3.4026
3.5529
2.6205
1.2562
3.9874
2.1178
0.9078
3.9798
2.4618
1.9693
3.6859
0.3686
1.2619
0.7031
0.7763
0.9372
0.7575
1.3141
0.6128
0.2881
3.3993
0.3255
0.4399
3.4455
2.2613
1.904
1.2079
2.2597
0.3938
1.3113
3.7356
3.5755
0.1767
2.0997
0.7008
0.6132
0.941
3.9971
2.8288
3.7209
1.0862
1.2927
1.4554
0.055
1.9309
2.6311
1.6756
1.012
2.7937
0.7153
1.5898
2.9521
0.4583
3.8438
0.9694
0.2648
0.3375
1.7838
3.8103
0.0403
3.3944
1.2775
2.6288
1.3595
0.1118
0.2317
1.2922
0.2753
3.6295
2.1296
1.4826
0.4464
0.9475
3.2157
0.5037
3.4968
1.4853
2.1891
2.7234
1.4373
1.0607
3.1605
1.7931
0.3919
3.5782
1.4087
2.2938
1.9887
3.0357
0.7472
3.7954
3.5084
3.1163
1.4913
0.2679
0.7279
0.8189
3.9402
3.4766
1.2817
1.7735
0.1265
1.9762
1.2218
0.2593
2.8593
2.0061
3.9548
0.5347
1.6569
1.5803
0.6476
3.2803
1.5662
2.5136
1.8255
1.6995
0.0479
1.9141
0.5382
2.5383
1.5745
2.9244
1.3278
0.2093
1.9063
3.3695
2.9743
3.506
3.0446
3.4458
1.8697
3.52
0.8711
3.4582
2.9425
1.6783
0.78
1.4989
0.3519
3.0096
1.1302
0.9703
1.9893
2.9298
1.9144
0.8438
2.2979
0.6713
0.0654
3.6048
2.6106
0.4567
1.6814
0.1767
2.5903
3.6576
0.1849
0.5119
1.2945
3.5194
3.4507
0.7124
1.7503
0.4932
1.5973
2.4687
1.82
1.5315
0.1705
3.7243
2.1436
0.1723
3.4463
0.0405
3.1003
2.1176
0.7781
3.4693
2.5064
3.9457
2.7743
2.4764
2.4624
2.3219
0.2411
2.1785
2.6112
0.4016
0.0339
3.3344
1.0581
3.0623
0.2174
0.4085
3.0615
3.6625
2.7279
0.2222
0.1266
0.6414
2.9332
0.203
0.1263
1.6668
1.2944
1.209
1.3656
3.3862
1.6684
2.5988
2.438
1.4223
1.8949
1.0079
0.8494
3.1191
0.1796
2.76
3.1165
2.2885
2.2806
3.2312
0.4893
2.6071
1.8697
2.3198
2.9879
0.3847
2.164
3.4778
2.7194
3.294
3.3722
0.2342
0.4167
1.6985
3.8652
2.7055
3.9022
2.2364
0.5227
2.4097
1.7336
0.1827
1.2711
2.9007
3.9472
0.5615
3.2689
0.991
3.9753
1.6406
2.1439
3.5343
0.7809
1.6018
0.2138
0.5011
3.7147
2.2783
1.2138
1.4811
3.3349
2.0087
2.4357
1.4855
0.0708
2.8367
1.5467
1.0495
3.3547
3.4996
3.4287
0.5392
0.7086
2.8713
2.615
3.0549
0.6576
2.5863
1.4892
0.4619
2.6333
2.8781
0.6377
2.9411
1.8721
2.8647
1.9951
1.0903
2.4962
2.785
0.226
0.9638
2.7846
2.5012
0.6286
3.5628
3.1163
2.7747
1.1676
3.6096
0.178
2.3556
3.8545
0.2114
1.572
1.7069
1.3191
1.9344
1.2324
1.1706
1.7059
1.5194
2.2339
2.9807
0.7567
2.4323
2.6298
2.7185
0.0856
2.1178
2.1855
1.7048
0.1111
1.1793
1.4314
0.6944
0.4581
3.4929
1.92
2.5791
1.125
2.3995
2.6472
0.2108
3.8035
1.4229
1.8267
1.8439
2.8491
1.1604
3.0515
1.0664
0.5116
1.3271
2.8788
1.9165
0.6977
1.9825
2.6387
0.327
2.8803
3.9444
3.0243
1.0538
2.0265
1.1174
3.105
1.8272
0.586
3.6707
2.9981
0.9953
3.5894
0.611
0.1827
2.5928
3.426
2.7762
2.0581
2.8999
3.3481
2.5251
3.1112
0.669
2.3215
2.5867
1.5069
3.9214
0.24
0.4808
2.5886
0.9022
3.1211
0.3323
3.6108
2.4677
3.7795
1.5746
0.6309
1.8569
2.5466
3.4501
2.8755
1.1849
1.5528
3.6261
2.3895
0.7068
1.7184
3.9958
3.4267
3.6985
0.6668
3.5097
0.1455
1.9338
1.7985
3.5542
2.4509
2.9671
1.3849
1.1208
2.3966
0.0718
2.5873
1.4563
1.2913
0.7624
1.5761
0.2372
3.7948
3.7465
3.375
2.7617
0.4912
0.667
2.7353
1.5601
1.7401
3.3272
1.3095
2.7378
2.2207
0.3255
3.2604
3.6138
1.3029
0.8712
3.6353
0.3041
0.7199
3.5983
0.4035
0.193
1.0404
3.1962
3.7452
3.6965
0.2559
3.5145
0.3581
1.6301
1.0613
3.1556
1.6859
0.3074
2.7545
2.4397
3.304
0.8389
1.532
2.3301
0.7843
2.9004
3.6214
0.0622
2.6927
1.9044
3.4199
3.812
3.3154
1.3982
1.3614
1.5148
1.6539
3.3531
0.5845
2.772
0.2169
0.9603
3.5896
1.9938
0.9212
3.0606
0.6067
1.3846
1.7155
0.6621
3.3412
2.8158
2.9715
2.6615
3.5362
3.0988
3.0999
3.7515
3.9038
1.2815
0.5845
2.344
3.008
3.8814
2.9506
1.7945
0.5297
0.6812
3.0795
1.1189
1.335
3.9894
2.3236
0.669
0.9602
0.146
0.2439
0.3569
3.0378
2.5363
2.6185
3.5457
0.5191
0.6449
2.2525
2.2952
1.4845
0.2546
1.7101
0.9587
3.721
2.2973
1.7597
1.9865
2.1097
1.5801
1.5425
2.058
3.2026
2.3784
0.3793
1.1794
2.3084
3.7373
3.6804
1.0894
2.7194
1.3158
2.2313
3.1578
2.5808
1.8741
0.5079
2.7112
1.1522
1.8245
0.4756
1.5424
3.6584
3.5292
3.0241
2.8143
2.2643
2.7996
3.411
2.9294
0.5526
1.0979
0.4939
0.7716
2.4548
0.7248
2.8584
0.0804
3.2099
1.6233
2.2039
1.2981
3.0577
2.003
0.9458
2.5275
1.9385
3.5218
3.5035
0.958
3.513
1.6539
2.4695
0.1905
0.6043
0.0483
2.4727
3.5291
1.257
2.8226
2.9179
1.3916
3.3418
0.3016
0.152
3.673
0.6958
1.6888
1.6788
2.3248
1.3767
3.1729
1.9176
2.9436
3.1594
2.7858
3.1847
2.7624
3.0471
1.2165
1.905
2.8838
1.7446
1.3872
3.4629
3.1445
2.97
0.4063
0.8794
0.7168
3.4337
1.4372
1.8315
0.3696
0.662
1.1024
1.3191
1.013
1.6668
2.5397
1.4623
1.9208
3.5965
1.2331
0.9209
1.0564
0.062
3.3752
0.5435
1.0725
2.1056
2.8522
2.2611
3.3986
0.3991
3.3663
2.1725
0.327
1.5742
3.4089
2.5124
1.3005
3.2855
3.3723
2.5058
0.3614
2.8645
3.5843
1.0049
2.7119
2.131
2.0884
1.3111
3.3498
1.0287
1.5508
0.946
1.372
3.5444
1.5994
2.531
0.846
3.8996
1.3276
3.7752
0.5027
3.9471
3.9689
0.3043
2.2245
2.0518
3.2133
1.7904
2.9765
3.1625
2.3456
3.4345
0.3459
0.1718
3.3054
3.8052
2.8498
3.3354
3.1379
2.0521
0.73
1.7771
2.2678
0.7104
3.0337
1.4942
1.2308
2.7584
1.7587
1.5925
3.121
2.7654
0.4667
0.7664
3.6069
0.6427
2.4587
3.0947
1.6269
0.8579
3.2985
2.5204
3.4937
2.0137
2.5028
0.9216
1.3393
2.5978
1.7824
3.6581
2.3831
2.2495
3.3258
0.5107
2.6871
2.1057
2.813
1.5776
0.67
2.5468
1.725
1.3888
0.3894
3.5531
3.8941
1.6486
1.2878
1.9922
2.0591
2.679
0.4723
3.3379
1.8035
0.7289
1.0232
2.4682
3.5514
2.2175
0.3543
3.5813
0.3151
1.3372
1.6407
3.5396
0.4927
2.273
2.7028
3.595
2.9181
0.3682
3.3429
2.2916
3.8597
1.8588
1.6851
2.0334
0.4612
3.5178
1.5963
0.1598
2.0458
0.048
3.6595
3.5708
3.4199
2.5889
0.1957
2.308
1.1184
3.4493
3.9107
1.4904
0.6567
2.675
1.0489
0.0221
3.5029
0.558
3.9957
1.9332
2.2186
2.8645
0.0512
2.733
1.554
2.3492
2.4436
2.6835
2.8496
2.5282
3.225
2.4421
2.9592
3.1795
3.0032
0.6156
3.1578
1.5301
1.2298
0.0871
3.8548
2.0265
2.1571
2.7192
0.8432
1.3136
0.1581
3.4193
2.0716
0.2583
3.6566
3.8907
0.2278
0.7139
2.6525
1.7667
2.4593
1.6077
3.4368
2.6434
0.9525
3.945
0.7635
2.9554
0.1047
1.7602
1.341
0.6931
2.0052
3.57
0.0195
1.9028
0.0927
3.8326
0.1073
2.0078
3.7915
0.2309
3.6724
0.0567
1.5078
3.7601
1.8219
1.7112
3.4287
0.0812
0.4835
1.1891
2.9035
3.0199
0.6768
2.6352
3.1863
3.1008
3.1584
2.1162
0.817
2.1322
2.4926
0.0897
2.1121
3.7966
2.5962
2.794
0.7083
1.6649
2.2904
1.6716
2.3066
0.373
3.9534
3.4022
0.0207
0.988
3.3427
2.4515
2.8486
1.8976
2.6501
2.0276
2.6477
1.2142
1.5697
2.3361
0.0701
1.5158
2.1038
0.3612
0.4963
2.8544
2.89
2.3271
1.345
0.2662
0.6509
3.777
1.1932
1.6788
3.088
1.1008
0.41
2.4222
0.1653
0.9463
0.5738
3.4173
3.496
3.315
0.3802
2.523
3.4702
2.1413
3.7771
3.5794
3.0466
1.3369
3.3717
3.7069
2.7324
2.0593
0.5152
3.3699
0.9206
2.6192
3.1577
0.8274
0.5277
3.1143
3.6358
0.0349
3.23
0.4839
1.4596
3.0005
0.3034
1.2484
3.9754
3.0226
3.4187
1.924
2.5639
0.8027
2.2786
3.4038
2.3853
2.1682
1.1043
1.7728
0.7958
3.9155
0.0833
1.9637
3.0372
2.689
2.8181
0.4868
0.1478
0.0198
1.7539
0.4215
2.174
0.4489
0.4521
2.2734
0.6287
3.8969
1.4583
0.6028
1.1129
2.0476
3.9272
2.3442
3.2885
0.015
2.7032
0.7975
3.8535
3.8879
1.4619
1.1352
0.9229
2.4083
2.268
3.7216
0.7016
0.0622
1.0848
2.7624
1.2873
0.6893
3.7655
0.438
1.4996
0.1397
0.1097
0.0875
2.5413
0.5447
0.2796
3.2579
3.0352
0.9713
3.6494
0.0505
2.9618
2.8019
1.6317
2.2135
3.7364
0.2227
1.9527
1.7145
3.6088
3.0592
0.7916
1.9175
1.0727
0.1726
0.1059
2.2549
0.3228
1.9043
0.4265
0.7474
1.3914
3.9891
0.9736
2.1539
3.686
0.2579
1.5477
3.9961
0.2396
2.7704
1.2343
3.0009
3.7422
3.105
0.9747
0.4677
3.2913
2.3252
0.5613
0.8907
0.9969
2.1091
1.1584
0.2912
2.5373
1.2464
0.2396
3.8204
3.7835
1.5704
0.8979
0.4679
0.2595
2.4108
2.9101
0.8326
1.5291
3.8928
2.0533
1.3023
2.8145
0.9493
2.2515
3.9265
3.1688
2.2442
2.7584
3.5102
1.8915
0.3834
1.827
3.2338
0.1694
2.995
3.0556
1.337
3.1514
1.7479
2.478
2.2656
3.55
1.2938
0.2241
1.2506
1.6343
3.2237
3.5261
0.0404
0.1249
3.8225
3.9317
1.9072
3.2528
0.2383
2.1968
0.5572
2.137
2.0959
1.3347
0.6892
1.9353
1.2407
0.8775
1.3409
2.2999
2.2937
3.2161
0.8277
1.9625
1.9927
1.3703
2.3088
2.1167
1.0841
3.1848
3.4677
1.0454
0.3653
0.4896
3.4708
1.7787
1.985
0.5186
3.6833
0.8776
3.0557
1.1754
1.1504
1.0209
3.0059
3.2712
0.1956
2.9812
1.7151
3.7722
0.7517
2.9069
1.8772
1.0422
2.6677
2.7377
0.9317
1.1254
0.4788
3.4865
0.8574
2.2226
1.071
3.9041
0.0781
0.447
1.839
3.1311
0.9633
1.2814
2.3539
3.1166
2.4989
0.9031
1.9508
3.3647
1.7421
2.6071
2.0575
0.2817
0.4496
1.6578
0.9798
0.3728
1.781
3.4328
2.9524
3.069
0.5335
3.3101
1.3826
1.6193
1.1387
2.3132
1.8548
1.1279
2.6253
3.052
0.8015
1.0877
2.9899
1.3236
2.4818
0.9505
3.5275
0.4399
0.7665
1.2835
0.2113
1.631
1.4068
1.1762
1.349
2.9058
0.4993
0.5675
1.2792
2.7127
0.254
3.1188
0.9627
2.2677
1.6816
3.066
3.773
3.5691
0.8947
3.0059
1.7788
2.6617
0.8175
0.8202
0.0945
2.385
0.5983
3.8053
0.5925
2.7532
2.6165
3.9459
2.3833
3.2798
3.017
1.1828
3.7849
1.1013
1.3953
1.1367
1.4104
3.3496
3.9882
3.1376
1.2198
2.3339
2.1479
0.1996
1.9432
3.7623
3.3517
0.2374
2.7973
1.6523
3.7443
1.6015
0.2229
3.6237
2.861
1.4618
1.4724
2.94
0.9274
0.8348
2.179
1.0796
3.1157
2.7879
1.8502
0.7574
2.2269
3.9841
2.433
2.9532
0.495
2.4063
2.4331
3.5544
1.3697
3.4932
1.6146
1.1258
2.6468
3.7331
3.5081
1.9775
1.1444
2.8921
1.8184
0.9741
1.9168
3.1314
0.462
2.2719
2.5971
0.1026
2.6429
1.715
3.851
2.7329
3.3505
1.6563
1.1135
2.5682
2.5489
1.6327
3.3721
2.4932
1.462
0.5762
2.3427
1.0399
0.6139
3.3765
0.8917
1.7804
1.3961
1.085
2.1867
1.3467
1.8832
1.1016
1.2488
2.8878
2.4685
2.056
3.4057
2.4274
1.6443
2.8881
1.49
0.8261
1.8067
3.4714
2.2728
2.0684
3.1719
3.2694
3.6494
3.083
1.7256
1.0931
2.9032
2.8541
0.3327
2.7034
0.4784
3.5376
0.829
1.0255
0.4104
2.8987
1.7257
2.8902
3.6035
0.1194
2.9243
3.3073
3.1324
2.721
2.1908
2.6812
2.616
3.195
3.5894
3.1757
1.2672
0.5582
2.7968
0.162
0.3416
3.4044
1.6153
2.9064
1.1904
2.6786
3.8779
1.8352
2.3343
2.0867
3.779
2.0107
2.1062
1.0411
0.6111
3.1226
2.879
2.8085
3.5074
1.9442
3.9633
3.5746
3.165
3.8617
2.3079
1.6178
3.9175
1.0803
0.6209
1.9114
2.9471
1.7799
1.8878
2.4156
2.2611
3.1684
0.1637
3.0132
2.0093
0.357
1.4577
1.2882
2.4327
2.4863
2.6777
0.0549
3.4281
1.4019
0.4778
1.2119
2.0601
2.9929
0.7178
3.2826
0.2773
2.4391
2.6144
0.8668
2.9513
2.8345
2.1359
1.6513
0.5416
1.2778
3.0192
2.6993
3.1689
0.4344
3.8356
1.6191
0.3589
3.1999
2.4844
0.9542
1.951
3.9411
1.6374
2.0411
3.9344
0.2643
2.7215
1.2194
0.7228
2.8123
2.8828
1.4495
3.6778
1.5008
0.6328
2.3676
0.5475
3.1606
0.2517
2.9869
1.0568
0.4692
3.4066
0.9737
1.3605
0.4026
0.0913
2.9625
3.3774
2.9311
1.799
1.8457
1.0641
0.5426
3.6651
1.4133
1.8034
3.1961
2.6953
2.6567
3.7241
3.5974
0.9306
3.9677
2.4758
3.0949
0.7888
0.5402
1.3412
0.5581
3.2315
0.0906
2.612
0.3043
1.1914
3.9575
3.4829
1.7535
2.4719
1.5135
2.0728
2.0318
1.8297
3.3666
1.6946
2.6779
2.1251
1.4908
0.2812
3.346
3.3542
0.8147
0.1878
3.4207
0.2132
3.508
3.1919
0.142
3.7405
2.9464
0.3815
2.1885
2.8547
1.1502
3.0016
0.4532
0.6386
3.4506
3.5805
1.879
3.6179
3.3968
3.6181
0.3075
3.1721
3.9305
0.053
2.3882
3.6549
0.7752
1.0652
0.2354
0.9664
1.0508
0.4338
0.8443
3.3808
3.9671
3.9353
3.1672
1.5206
0.398
0.4134
0.2508
0.3704
3.1971
2.741
3.8042
1.4872
3.4262
0.227
0.8213
3.6735
3.7246
2.7929
1.7173
0.5606
0.7456
3.7927
2.4709
1.8985
2.263
1.809
3.5066
1.4126
0.6182
2.2391
2.9964
1.0608
3.7288
3.6243
1.2006
3.7169
3.3326
1.498
0.9078
3.3749
0.9073
2.0279
0.2989
3.7592
0.7768
2.0778
1.9926
1.9574
0.5791
2.3941
0.1502
2.9078
0.1656
1.7388
3.5861
2.0702
0.9301
2.5982
2.4416
0.7112
0.4829
2.3278
1.7108
3.7961
2.6558
0.8265
2.0507
2.5067
3.0307
0.9155
1.7987
1.3222
3.6606
3.6755
2.3643
2.4033
2.8991
1.3083
0.3403
3.5578
2.4255
0.8049
2.348
0.6386
0.9149
3.4448
0.2127
1.6323
3.0243
2.0346
2.2096
3.1319
1.7405
0.193
2.2167
1.1989
3.9841
1.7135
1.3452
2.2019
2.5765
2.4951
1.7482
1.5455
1.4869
0.3857
1.4361
0.5193
2.6512
1.1866
0.4005
0.1717
3.1861
2.9719
3.1843
0.6702
3.9752
1.1181
3.5145
2.7654
3.1232
3.9662
3.867
3.161
2.1454
0.4331
3.1098
2.8962
3.3134
2.872
2.3784
2.7422
3.206
2.7254
2.2607
1.3311
0.4571
3.0058
2.0209
3.2801
3.7654
3.6631
0.3962
0.4953
0.6819
3.8074
3.9041
1.8004
1.1106
2.1552
1.3808
3.8184
1.0978
3.4747
1.8167
0.6555
3.6922
3.0643
0.0181
0.6713
3.592
3.1762
1.3103
0.8403
1.6095
2.4727
3.4968
2.8018
1.4405
0.3347
0.9689
1.1342
3.762
3.903
0.8339
0.1623
2.5678
3.5175
2.7058
0.4156
3.7989
0.0463
2.0188
1.2695
0.6932
2.1608
1.9249
0.7684
1.998
3.9312
3.8442
0.3901
3.2411
2.7365
2.0816
0.1075
0.4829
1.3556
2.5306
1.0205
3.9901
2.5963
3.6967
3.8468
1.1602
2.737
1.1846
1.5086
1.4763
3.5445
0.0966
3.4016
0.1883
2.4126
1.2395
1.8036
3.8077
3.5548
1.2067
0.8033
1.2328
3.181
0.744
3.0971
1.1079
2.5668
3.3637
0.4765
0.9334
0.5302
2.0473
3.7357
3.8742
2.0898
0.6622
1.2459
1.9497
0.7548
0.1094
0.55
0.6914
3.0072
1.8783
0.0236
0.5775
3.6558
1.1066
1.6848
2.6059
1.5427
2.9959
1.2171
3.1279
3.988
1.7389
2.3034
2.3179
3.0544
1.1682
0.5488
2.1967
3.1269
2.6796
1.0045
1.6409
2.8327
0.2578
2.3914
2.5131
3.37
2.398
0.2232
0.8666
1.638
3.995
1.3917
3.1972
2.0194
3.9329
3.4281
0.3102
2.7962
3.9768
0.8624
3.6275
3.4008
0.4053
1.8042
3.0144
1.9559
3.1616
2.8542
2.1148
3.791
1.0406
2.2582
3.4272
1.2099
3.3232
3.8662
3.3893
2.2441
3.8333
2.1121
2.0486
1.8579
2.5329
2.474
2.2312
1.97
2.6612
0.4317
1.9879
2.744
2.9867
0.7894
1.3278
2.9246
3.46
3.0559
0.0519
0.5954
1.2795
3.1945
3.3783
0.703
3.1791
1.8798
0.7825
2.2861
3.4927
1.4965
1.4462
1.5457
3.0536
3.5783
1.6577
3.8495
3.3363
2.1675
3.9384
1.1265
1.6879
1.5478
1.5396
1.3953
0.9864
1.2163
0.9291
2.2417
2.7291
0.9143
3.7483
0.3151
2.6627
1.093
2.9221
1.9947
1.5135
3.6417
0.6949
3.5015
3.7783
0.8395
1.0677
2.2349
1.8723
1.6125
1.8602
3.7236
3.8373
2.222
2.0495
0.5362
0.2175
1.5908
2.5255
0.4278
1.0515
0.4179
3.8175
1.7557
0.216
2.7212
3.648
0.8995
2.0368
2.4692
2.702
3.7383
1.1558
2.069
3.3215
1.3102
3.4005
2.6494
2.177
2.7366
1.098
3.2204
3.3699
0.7239
1.0836
0.7301
3.2698
0.2423
0.2478
3.2801
3.5835
0.5675
0.884
3.6016
1.3446
1.0399
0.6688
3.694
3.0196
3.2426
0.0612
2.2161
0.1461
2.6071
2.7586
2.996
0.9964
2.9369
2.3924
0.5997
2.2119
1.8478
0.6938
3.0671
2.814
2.1112
1.5483
0.9565
3.3193
3.84
1.5927
0.1152
1.4118
1.2337
2.2951
0.2843
1.9362
0.247
2.0614
2.9541
1.0776
0.3813
1.3449
3.1138
2.68
0.7239
3.7416
1.4017
2.4441
3.0925
1.6191
0.2627
0.7729
3.748
3.2569
3.0183
1.8599
1.8021
2.438
0.2634
1.7545
0.4329
0.6608
3.4589
0.7552
0.888
2.2314
0.1632
0.1092
2.414
1.3156
0.0678
1.0634
2.1982
3.1676
1.934
0.5213
3.3239
1.7379
0.2161
0.4648
3.1659
2.2401
0.4473
2.3997
3.4199
1.252
0.1531
0.6437
0.0431
1.4588
1.0157
0.7791
0.2455
2.0221
2.8888
3.7354
1.4346
3.2647
1.8187
3.9167
1.542
3.3536
2.4193
3.3391
0.2338
1.9166
2.5167
0.0067
0.7215
1.0154
2.7732
2.0349
3.3778
0.2113
3.5313
2.3109
2.2235
2.1357
0.9578
2.3317
1.0632
0.5071
3.7212
2.743
0.9649
3.5255
0.7872
1.734
1.4059
1.0909
2.2672
2.5319
1.5092
1.811
3.8134
2.9123
3.4775
0.6495
3.4564
1.702
3.9241
2.7406
1.6399
3.4317
1.5711
1.9681
3.2698
2.1445
3.8736
0.0244
0.9394
0.1913
3.1461
1.9421
3.8023
2.6921
0.928
0.9117
2.233
3.9086
3.2151
0.126
2.4689
0.4187
2.5939
0.1444
2.5285
3.5197
0.934
1.4971
0.8725
0.9774
3.6399
3.6746
3.3606
2.1374
2.5232
1.7505
3.1647
0.9357
2.3308
0.4632
1.8324
3.0676
1.9343
0.4953
2.3241
2.2157
2.6411
2.5577
2.9679
3.0167
1.7998
3.3116
1.872
0.5004
3.2666
1.3794
2.7039
1.2262
1.8405
2.0543
1.2731
3.8675
1.5232
2.8496
3.1775
0.8311
3.7587
0.1742
3.5557
3.0466
3.7319
2.8177
0.1204
3.7081
2.6307
1.7849
2.0454
1.9585
2.3255
2.1347
1.3094
0.4464
2.2531
1.0959
3.4435
3.4497
0.5166
2.7946
2.4618
0.1412
0.7933
2.084
3.8652
1.1159
2.0842
2.8727
2.9936
2.8328
0.8356
0.8268
0.5338
0.5924
2.7091
1.484
2.7506
0.7792
3.4806
1.1565
0.7306
0.7827
0.1324
2.9191
0.1184
1.8028
3.9059
2.9636
2.3
3.8921
1.1204
0.8166
0.2402
3.8065
2.0356
2.4928
1.9013
1.0511
2.3639
3.6874
0.0006
1.367
0.6122
2.9299
0.003
1.0908
1.5125
1.3273
3.1198
1.5563
3.2941
3.8435
0.6055
2.3343
2.6305
1.9931
0.7988
2.9063
2.0171
2.3249
1.2397
0.4687
0.6112
1.6703
2.3703
3.7691
1.2481
2.0745
0.2945
1.6337
2.7062
2.8919
1.4395
3.9636
1.7955
0.996
3.6799
0.1367
1.0438
3.6589
2.2137
1.5989
1.764
2.519
0.1563
0.9426
1.2615
0.6591
0.5969
2.716
1.3383
3.1016
3.6317
3.2739
1.8487
3.5608
2.0078
0.4057
3.7376
2.4885
0.1115
3.2896
2.2919
3.3503
2.87
0.2641
1.3818
0.8704
1.1688
2.7032
1.8039
0.7013
1.2878
2.5826
0.9325
3.4173
1.585
2.4611
3.3592
0.9597
2.186
2.0169
0.1346
1.8307
1.1915
3.4775
2.4361
0.395
3.5011
0.8344
1.7772
3.7462
3.0897
3.8811
1.2498
0.8954
1.4884
1.2905
3.8769
1.8273
2.4428
1.278
2.9484
2.8813
2.4136
1.6851
0.2856
0.3798
0.6166
0.5947
3.4553
1.5765
0.4845
2.395
2.5954
2.9287
2.0963
1.5378
0.4224
2.7784
2.8883
1.3335
2.2305
3.473
3.93
1.6996
1.2432
3.1838
0.7754
3.3681
3.2202
0.4916
3.2258
0.5411
3.8745
3.9908
1.665
0.5733
0.9573
2.9308
2.2429
1.5877
0.2328
3.7114
3.4407
1.0628
1.7599
3.5054
0.6222
1.419
3.2537
2.7925
0.0515
1.9701
0.6273
2.3701
3.3525
0.5533
2.7484
2.6748
2.0664
1.2913
3.0843
1.5911
1.2468
3.2754
0.3423
3.2571
0.1433
0.221
0.3082
1.7138
3.9638
0.4007
2.9885
3.2212
3.1641
2.5488
3.893
0.1197
1.7848
0.9213
2.8563
3.2141
3.8146
0.3721
3.1651
3.5147
3.1213
1.1902
1.7836
1.8525
1.4909
2.8667
2.2563
2.4685
2.4114
1.8738
1.1335
3.1476
2.9698
1.1093
0.2104
2.1526
2.9966
0.5325
0.5179
3.0561
3.4016
3.2941
3.1968
1.0265
0.9106
1.1709
2.2314
1.4513
2.5639
0.2204
3.4481
1.0763
3.4521
2.8112
1.823
1.251
1.876
2.7923
2.0171
3.6631
0.4466
2.1534
3.9121
1.3147
1.8165
1.7965
3.5816
1.8448
2.5929
1.3403
1.0832
1.7879
2.16
3.9348
3.8789
3.1457
0.2673
0.7908
2.1146
1.6419
1.8094
1.8173
2.7226
1.2175
3.0566
1.4253
2.8332
1.0663
2.5278
3.4829
1.1748
2.1851
3.2364
0.3027
0.6656
0.0759
2.2299
1.7247
3.6351
1.3682
1.946
1.0089
3.6413
1.1652
0.4091
1.6916
0.1331
0.3757
0.4704
1.967
0.7802
1.1522
3.6314
0.9101
2.6041
2.1248
0.1568
2.2301
2.4898
3.3377
1.3392
1.1773
2.8992
2.0613
3.665
3.0381
2.9171
3.2281
0.8505
0.285
2.4036
0.2399
0.3985
2.0316
3.3708
0.4717
1.2579
2.3582
0.1925
3.5021
1.5289
2.0513
0.6668
0.1617
0.1693
2.1283
3.6123
3.4751
2.6063
1.4703
2.2576
2.4679
0.6418
2.5455
2.2537
3.5524
3.9585
3.6921
2.5642
1.4454
2.5602
3.3259
3.0644
0.695
2.9577
0.1108
1.9044
0.117
3.1283
0.5254
1.9156
2.5006
1.3215
2.1968
1.4306
3.4
2.959
2.3904
1.5566
0.5526
1.2648
1.9945
3.4638
2.0012
3.6536
3.5681
1.4385
0.8096
0.4057
2.4742
3.6568
0.5467
3.0808
1.9848
1.3969
1.8626
2.1544
2.0355
3.8707
0.0065
2.7994
1.4094
1.9732
3.4067
2.9978
3.409
1.5256
3.2694
3.6435
0.2352
2.5864
0.7039
0.297
2.7682
2.8503
2.0455
3.9058
0.574
0.1713
0.3354
0.5401
0.2439
0.1351
3.7855
2.0061
1.8485
1.1897
3.6185
2.049
2.6888
0.2656
2.4477
1.1049
0.3097
0.9664
0.7963
0.6651
2.2643
3.1191
1.4553
1.9949
3.8687
3.6894
0.2318
3.9276
3.9934
3.0453
2.0648
0.7163
1.9298
0.962
0.969
3.5597
2.2395
3.8672
1.8715
1.1379
2.2054
0.3537
2.8686
0.3936
3.9058
1.2601
2.151
2.3077
3.1775
3.0288
2.0664
2.4419
1.7971
3.9084
1.1337
3.0616
1.1035
3.4808
0.6249
2.5522
0.5426
1.9503
0.1442
3.1798
2.4004
1.3311
1.765
3.2108
0.7742
2.3628
2.303
2.7918
2.759
3.223
1.7725
0.7253
3.6117
3.9188
1.9308
1.2913
0.7228
1.4001
2.9613
3.0645
1.5814
2.3886
1.2546
0.1182
2.8975
1.5874
1.0932
0.7752
2.3115
2.6731
1.7024
1.4848
1.6506
2.0682
2.069
0.026
0.5801
0.5719
0.6153
3.4803
1.7642
3.0769
2.3387
1.6483
3.4296
1.4333
0.5162
3.727
0.5924
1.911
1.5794
2.2193
2.7623
0.0635
1.2074
1.3814
3.2379
2.3791
2.7587
3.4883
3.8338
2.2159
1.1882
1.217
2.5747
2.9729
3.9458
0.9352
3.4863
0.5809
2.1694
0.8574
0.2552
3.9581
2.564
0.6174
3.7709
0.1242
2.6856
3.3718
1.7453
1.4124
0.3283
1.182
3.0693
1.9229
0.5608
0.3011
3.5197
0.9471
3.0765
1.1617
3.0012
1.9761
1.0562
0.7374
2.7127
0.3145
2.1689
0.1963
2.5307
1.0427
1.5233
3.5996
3.3581
2.1485
2.3183
2.7856
3.042
0.8471
2.2628
3.181
2.2545
0.9674
1.9359
2.2189
0.117
2.6394
0.3279
3.1248
0.402
1.2039
0.4776
1.42
2.3355
2.8703
3.4397
1.0664
0.3099
0.3591
1.8033
3.5896
2.1546
1.6866
1.1137
0.1575
1.3937
0.6092
2.9146
1.5095
1.6368
3.3846
2.9957
2.1607
1.2198
0.2968
3.5521
2.2078
0.0868
3.2373
0.615
2.2219
0.236
2.0775
3.7644
2.9746
0.7621
2.4645
3.0478
0.2211
2.8854
2.0713
1.9351
2.5529
3.2361
2.4491
3.0969
2.157
1.8318
2.96
3.1227
0.9778
3.9013
1.7684
2.0276
0.2816
0.9794
3.9277
0.3389
0.7487
1.6958
0.089
2.4746
2.141
3.534
0.2168
2.122
2.5776
3.8395
1.3143
0.4092
1.6054
1.8524
2.7187
3.8821
2.1426
0.4827
3.3172
0.9457
2.5622
3.4257
0.9329
0.0687
0.8845
3.1208
1.6671
0.671
1.2234
1.983
3.9177
0.9842
3.7493
2.239
2.0192
2.3949
0.6356
1.782
0.8977
1.3496
2.3345
3.603
2.7506
2.8477
3.0099
3.8941
0.1774
2.8074
1.9698
1.842
2.0752
1.8425
3.0235
3.4587
1.6972
1.74
1.5465
0.1331
1.8018
3.3301
0.6139
3.3081
1.2428
1.8982
2.1359
0.4142
1.6285
3.3942
0.7458
2.5661
0.7626
0.0398
1.4086
1.2906
0.4119
3.1203
3.9083
2.6573
0.9773
1.8473
2.1805
2.7552
0.5023
2.2035
3.4848
2.7855
1.0581
1.3154
2.8003
3.1021
0.2706
3.1283
0.8091
2.5739
1.7689
2.3433
1.561
2.3438
2.2561
2.9591
1.4069
1.1291
0.7485
3.5686
3.7983
2.4521
1.1783
2.7999
2.9436
1.4364
3.8781
1.2292
3.5695
1.7191
1.7101
0.6864
0.5028
3.9765
3.8924
3.3884
1.5789
3.2396
3.6899
2.459
2.3853
3.7388
0.1487
0.6673
0.853
0.666
2.3934
2.9035
0.2423
3.8058
2.0053
0.8481
2.0187
0.0259
1.379
1.6436
3.3584
0.5168
2.0905
2.9435
1.7661
1.2837
2.555
3.3397
3.0002
2.7023
2.0736
1.062
0.8633
1.2492
2.2626
1.7681
1.3802
1.5331
1.5673
3.1675
1.72
1.6643
0.467
2.985
3.5073
2.7693
3.2916
0.0087
3.9276
0.2678
3.8698
0.4793
1.1827
1.0652
3.7687
0.03
3.158
1.0356
1.754
0.8765
1.3951
1.3939
3.9826
1.9354
0.7835
2.2205
3.864
2.9833
1.2184
1.7524
3.2718
0.5068
2.0889
3.0095
0.6292
0.4739
2.1239
0.8702
1.9658
1.8335
1.3433
1.6907
3.3731
1.6197
0.7779
2.2993
1.0117
3.5745
0.7712
1.8851
2.1967
3.0348
3.9312
3.3733
0.2549
1.0034
1.0901
2.7448
2.7845
2.2691
1.014
2.368
0.7289
2.6715
0.6128
3.8705
2.8649
2.2376
3.7506
0.0219
3.3933
1.5099
0.1868
2.7819
1.5072
2.1033
3.1121
0.3185
2.8791
2.7253
1.123
1.4524
3.4399
2.2892
3.9371
3.7333
2.2391
2.7015
0.21
0.4185
1.5903
0.9166
2.3044
2.8212
0.34
3.8203
3.7366
1.3926
1.5513
1.7774
1.1325
0.5517
3.1589
2.3939
2.8906
3.6294
0.9851
1.6769
3.1573
2.2062
1.5302
2.63
2.1543
3.869
1.2992
3.574
1.8612
2.8605
2.5532
1.6911
1.9628
0.7083
3.9092
1.8062
3.2387
2.1926
3.4605
2.1922
2.3038
1.1556
2.2066
2.6255
1.0032
0.2219
1.9367
0.9157
0.5017
2.0685
2.3115
0.2291
3.7093
1.0125
2.1285
2.4938
2.1437
3.1912
0.6566
0.5112
2.9947
3.4343
2.3909
3.7562
2.453
1.6107
2.1121
3.1894
2.4032
2.6106
1.2327
0.1164
0.6304
0.5478
3.5464
0.6357
2.3678
0.3424
0.0586
0.9582
3.9892
3.8094
0.0823
2.6113
3.8093
2.5607
1.4607
2.487
3.0993
0.5666
0.8437
1.3326
2.7093
0.5655
0.3675
2.3596
3.802
1.76
1.1749
1.2666
1.1798
3.6976
2.2002
0.6108
3.0853
3.4818
2.6255
1.7214
1.3471
2.023
3.497
2.0836
3.4048
1.6519
0.8016
3.0651
3.1114
2.0165
0.8918
0.0259
1.1276
3.7886
0.6254
0.3972
2.8824
1.6885
2.5645
3.5764
0.9537
1.1059
2.2518
3.5887
3.0618
3.3108
0.0379
1.5077
3.7535
2.5337
1.129
1.7899
3.5825
2.2807
0.034
2.967
3.1198
0.5157
1.0827
3.084
1.4468
0.6164
0.3345
1.1544
1.0726
1.56
2.0787
1.2059
0.1997
1.4459
3.236
3.912
3.556
0.0537
0.8595
2.4305
0.9125
0.7969
0.543
1.6243
1.2969
3.6487
3.3659
2.337
2.1093
1.0192
2.4962
1.4605
1.1404
0.3928
1.0895
3.5604
3.5297
1.154
3.5322
2.0631
2.2155
1.5878
1.2599
2.765
0.5699
1.7394
3.947
0.1841
1.3533
2.7915
3.8867
2.6022
2.1105
2.2633
3.3445
3.2198
2.4186
1.4844
0.7971
2.0301
3.6906
1.5206
1.7518
2.9005
2.9063
0.1364
0.5581
3.7564
3.4148
1.9517
0.6886
3.9374
3.0116
1.4282
1.8064
0.8181
0.9591
3.1834
3.5241
0.1352
1.1532
1.431
3.1501
2.1267
3.9506
0.9039
1.2112
3.5893
2.0896
0.4771
3.8252
3.7429
0.76
3.6657
0.7041
0.7772
1.1045
3.2558
2.4401
3.7748
3.4995
2.4701
3.5836
0.2003
3.3969
0.3602
2.6285
2.7012
2.8515
2.5275
1.0414
3.4808
2.7506
0.9954
0.7605
1.8381
1.8794
3.3751
3.3925
3.2836
0.1153
0.3702
0.1396
1.5977
2.8366
3.9301
2.3302
2.0102
3.3041
3.7126
3.5032
0.4906
3.5914
2.8944
3.7534
3.584
0.1932
1.3648
0.589
1.886
0.3591
0.9053
3.3414
2.6803
0.3104
1.5477
1.6925
3.2551
3.1931
0.5903
3.1263
2.8
3.0391
1.601
3.4405
1.3632
1.419
3.7079
0.0074
2.7612
3.2337
1.7072
3.7084
3.6957
0.9724
0.3453
1.0671
2.5219
0.4746
1.4655
0.6146
3.1255
1.3106
1.4459
2.5786
0.233
2.1661
3.4672
3.8735
0.9266
3.6462
1.3134
1.4385
0.5392
0.6955
3.8711
3.5175
1.204
2.3943
3.146
3.9875
2.4329
3.3981
3.3759
1.7529
1.6603
3.7619
1.3173
2.5054
3.9329
0.4897
1.3885
2.0186
0.7925
2.69
2.7175
3.0626
0.2464
1.7585
1.5685
3.1516
1.1702
3.6207
1.7981
2.3778
1.4562
3.5139
3.852
2.0286
2.401
0.9729
1.9293
3.8983
2.259
3.0941
0.084
0.9806
1.8463
0.3117
0.7714
1.3998
1.0078
2.5685
3.2504
1.6783
2.4118
2.618
0.177
1.9226
3.1711
0.8563
1.0411
0.0143
0.3207
0.4254
0.497
3.1756
1.8798
0.5913
0.9706
2.7381
2.2843
3.2194
0.5506
1.3066
2.9952
3.6759
1.1812
1.1204
2.8107
0.8056
2.0381
3.7437
1.5192
0.2891
0.838
3.8523
2.3901
3.3265
2.1091
2.8584
0.9259
3.5897
1.7628
2.3037
1.039
1.3691
3.6589
0.643
0.912
1.6696
3.642
2.3664
0.1187
1.523
3.9904
1.4907
2.7056
2.6092
3.97
2.1454
0.1559
0.4664
0.4807
0.789
0.6603
0.0855
2.2569
2.516
3.3245
2.3209
3.862
1.9437
1.1603
3.2375
3.1873
0.2967
2.1319
2.3953
0.4558
1.684
0.5907
3.3355
3.4171
1.6875
0.6739
3.6083
0.0707
2.4677
0.6586
1.325
1.6749
2.4929
3.4945
0.3168
1.2104
0.826
3.6295
3.8827
3.6739
2.5443
1.1683
0.6343
2.8281
0.0067
2.5612
2.1398
2.2296
0.1612
2.1743
3.697
1.2134
2.9936
0.6715
2.4586
1.2868
0.7695
3.2655
0.6358
1.4406
1.018
1.233
3.7881
1.3222
3.4018
2.5677
3.2725
0.5227
3.0178
3.9412
0.2312
1.9299
2.0946
1.8676
3.4296
2.373
3.9612
1.8242
3.8654
0.3065
1.7343
1.5855
3.517
0.7542
1.1301
0.2928
1.7813
0.0989
1.981
0.8267
0.1867
1.0417
0.4853
1.6661
0.9321
0.8005
0.8329
2.5084
1.5781
2.4595
2.7792
0.7386
2.5182
1.3013
3.9105
0.3376
3.6748
2.7488
3.7634
1.8776
3.7442
0.3547
1.5953
1.2511
2.1447
2.9947
0.7945
1.8599
0.4801
2.7902
0.806
3.0831
3.0915
2.8984
1.7438
3.1012
0.8442
3.0893
2.3791
2.0983
2.7246
0.2226
0.5295
0.8092
3.0844
3.3698
1.0118
1.34
0.1069
1.455
2.3675
1.0776
3.1984
0.8501
2.5609
3.2575
2.4994
0.8944
2.6732
0.3959
1.9522
0.2671
0.2563
3.0248
1.0549
0.3262
0.0721
1.8474
3.7388
2.7998
1.708
3.7167
2.0623
1.2025
0.7714
3.7184
1.3477
1.8455
0.1706
2.5576
3.8859
0.4028
3.4924
2.3444
3.0499
0.4022
0.0201
2.8846
1.3619
1.8506
1.8513
1.683
2.5383
0.2509
2.585
0.1944
0.434
3.6947
3.5005
2.6372
3.9302
0.6235
2.876
0.8507
2.4186
1.8508
2.339
1.1145
0.8558
1.6446
0.6776
2.5804
1.2002
2.8165
2.4941
2.3749
1.6501
0.5176
2.9996
0.5761
3.3449
0.7674
0.0255
3.9789
1.1964
0.9475
2.0097
2.369
0.5483
1.5919
1.9365
0.9465
3.1019
2.4289
3.3268
2.1434
0.0158
1.005
0.7993
2.3662
3.9011
0.747
0.2162
1.4265
3.6368
1.3526
2.4281
1.3428
2.7568
0.0187
1.2305
1.8629
2.4388
0.7132
3.5613
2.8004
3.7773
2.2064
0.7556
2.8576
2.2043
0.1818
1.1098
1.6832
1.324
0.9069
0.1563
1.6966
1.9142
3.3396
1.3083
1.1505
3.9612
2.1231
1.4959
2.6791
3.3592
2.9461
1.638
0.3775
0.0787
3.4212
3.2249
2.2532
3.4033
1.0822
1.7468
1.0282
1.3845
0.2864
0.7202
1.6317
0.8523
0.552
1.5249
0.8509
3.1512
1.9434
3.9239
0.1663
2.4545
1.1497
3.4723
1.4985
2.6092
3.977
0.6255
1.9121
3.9632
1.5898
3.1157
2.6398
1.5123
0.9685
0.6801
3.4484
0.5468
0.5285
0.2729
2.0752
1.2711
2.7729
0.4478
2.9365
2.6237
2.3386
0.0948
2.1487
2.417
2.3024
1.8802
1.1256
2.9379
1.7803
3.1243
3.0813
1.3805
3.3611
3.6501
1.4128
2.3242
2.1471
3.2479
0.6967
3.3979
3.2999
0.9498
1.7518
1.9525
1.7112
0.8097
1.747
3.396
3.798
0.1931
1.9386
2.7431
2.1066
3.4933
1.9623
0.0295
1.7138
0.9829
0.5016
2.4524
1.2061
2.2655
3.7377
0.1165
3.7459
1.7029
1.2265
1.3483
1.4137
0.4816
1.0737
1.9684
2.7735
1.9092
2.0741
0.4451
1.4141
3.8534
2.6281
0.0896
0.6135
3.6505
2.5717
1.774
1.1051
2.7014
1.0126
0.2641
0.6964
0.9092
2.1465
0.458
0.8025
0.7067
3.467
1.6946
2.4022
3.3282
3.5034
0.4659
1.7025
2.3498
0.2986
3.4946
0.9136
3.7652
1.0264
3.9598
2.6245
1.8567
0.2478
2.7075
2.0752
1.3214
1.6693
0.5903
1.9446
3.4586
3.5663
2.1968
1.4702
3.7429
1.6516
2.1765
0.0448
3.453
3.4319
0.6507
3.0456
2.8879
1.985
3.7698
2.6805
0.7016
1.6124
1.0459
0.4405
3.6234
0.3207
3.1158
0.8593
1.1016
3.3987
2.8753
2.6563
2.892
0.6493
1.5749
1.381
2.9024
1.6868
2.7668
3.5604
2.2387
3.9088
0.9116
2.5044
0.7592
1.5688
0.3591
3.3498
2.5131
3.427
3.2702
2.4074
1.519
2.4302
1.2416
3.2435
3.6958
1.1182
3.0294
2.3265
3.3204
0.7395
2.5836
0.9617
3.0531
3.6229
2.863
3.865
3.0307
3.8164
1.3212
2.7636
3.7744
2.2098
1.032
0.5662
2.0991
1.832
0.9706
2.8567
1.897
0.2012
3.3948
1.8578
2.3509
3.6999
3.2754
1.708
2.86
1.5502
0.8032
2.6993
0.6421
0.1544
0.2363
3.0219
3.9118
2.2875
1.7574
0.6127
2.147
0.7739
2.7312
2.3443
2.5509
3.118
0.9857
1.68
0.716
2.204
0.3019
3.3569
0.2014
3.1034
0.9364
1.9173
2.2536
0.7268
0.813
2.8777
2.814
3.5718
3.9646
3.2543
2.5425
3.0404
0.1255
1.3333
1.2874
3.2089
2.1023
0.7594
3.155
2.1935
2.6569
1.1352
1.2803
0.111
3.9739
1.8718
2.5171
2.5086
3.7055
1.942
0.5891
0.8585
2.6829
3.3078
1.0891
2.6239
3.6937
3.4727
3.2747
1.5846
0.0693
2.8299
3.4478
2.3353
3.3418
3.8698
3.7075
0.6664
1.1956
2.188
3.8617
3.2497
0.0543
0.4216
1.128
3.9686
3.6642
3.948
3.8033
1.0989
0.8195
0.1484
2.6634
2.8574
2.2555
1.6024
2.1724
2.4071
1.1307
2.1811
0.4391
2.9375
1.8479
3.5487
3.8462
0.0573
0.0704
0.5918
0.8184
3.7519
1.7022
3.3884
1.063
0.3778
2.4485
3.2963
3.3764
1.0256
2.8203
1.6259
3.8443
1.6239
2.3732
2.3106
1.1203
3.4183
3.6799
0.0627
1.8699
2.7115
3.4494
3.1365
0.0384
3.3214
1.0762
2.8365
1.3979
0.2689
1.1354
0.3603
2.9033
2.7213
3.3378
3.0493
3.2378
2.2877
2.7317
2.414
0.4943
1.0279
2.0923
3.3146
3.7647
2.312
0.0894
1.0052
1.9236
2.9119
0.9608
0.8559
0.6829
0.7642
3.0887
1.3631
2.983
0.8169
0.6614
2.517
3.4476
3.409
2.336
3.016
2.2963
0.7123
1.0396
3.386
3.53
3.8673
1.5167
2.8163
0.6421
3.0062
0.2169
2.4054
0.3905
0.3904
1.3075
1.2335
2.5376
0.6578
0.5673
1.0566
1.3302
1.1669
0.6679
0.1491
0.7701
3.5766
0.6124
1.3532
1.6888
2.5743
3.4245
3.0943
0.1275
0.2099
2.1995
3.8296
3.9996
3.799
1.1047
2.9218
2.277
3.4833
1.2147
2.0572
1.709
3.9655
0.5811
1.3427
2.3672
0.9664
0.3297
1.2409
1.8284
1.0943
1.7783
0.7341
1.7919
1.8027
1.4435
3.0345
1.7049
0.5871
3.5192
2.8353
0.9403
0.7274
1.8612
2.3527
1.6661
3.2419
1.1271
0.5847
3.7642
0.8685
2.3379
0.2389
3.0678
3.5919
2.4999
0.6982
1.133
2.8357
1.2756
2.7933
0.3174
0.7604
2.0786
1.4341
0.3317
1.4072
0.0057
2.7029
0.2547
3.8442
1.0197
3.6943
2.7152
1.1279
1.3908
0.6542
0.5745
3.6965
2.2044
3.8603
0.3177
1.0324
1.5204
1.333
1.4325
1.3299
1.5635
1.141
2.6576
2.8418
1.867
3.9181
3.2243
1.1973
1.3576
3.8733
2.9278
0.792
3.7268
3.3555
2.7408
2.244
1.4139
3.2487
0.8525
0.5144
1.1849
3.7923
1.7248
0.7018
2.8312
1.8028
3.4127
2.6938
0.698
1.9519
1.2099
0.6712
0.769
2.1127
2.4599
2.6431
2.5368
0.0508
1.3345
2.679
3.2051
1.7396
0.8599
3.3539
2.3078
0.9915
1.219
1.0427
1.278
3.0076
3.0368
2.4821
3.2247
0.4976
3.6528
3.7764
1.7531
1.6105
2.8031
2.6796
3.1963
0.7144
2.5797
2.3798
3.2343
1.9582
2.532
2.8907
1.7923
3.4796
3.3545
3.4285
3.3978
2.884
0.2079
3.5233
3.8764
1.2835
3.2132
2.5073
1.3754
0.2815
0.7926
3.9061
3.7854
3.5843
3.605
0.0743
3.2022
2.3615
2.7017
2.6261
0.2405
2.9327
1.1883
2.793
0.5164
1.4757
1.8779
3.3008
3.9456
1.5687
0.5644
0.6358
1.5364
3.8661
0.6682
1.6373
2.3392
0.6669
2.5491
2.0088
1.204
1.2866
3.2164
3.4117
0.1167
0.2187
1.5665
1.8898
3.6556
1.5907
0.7441
2.8378
2.155
3.1936
1.935
1.4748
2.3249
2.3646
1.4129
3.8848
0.924
3.3793
0.8293
1.8697
1.6769
3.1901
2.5072
1.1867
1.5643
0.8186
1.9723
2.6619
0.4449
0.7194
1.4441
2.5767
1.1229
1.6033
3.6234
0.6036
0.5806
3.4111
0.0614
1.8598
1.4612
1.172
3.3723
1.9023
2.4514
3.2392
1.4824
0.836
1.6059
1.0121
3.7451
0.1065
0.826
2.3492
0.8555
2.3134
3.8612
2.1402
0.0175
1.7535
3.7727
1.6187
0.6244
0.1727
1.5875
0.9033
2.018
3.1392
3.709
1.3882
2.9732
2.5962
1.0018
1.8742
1.8655
1.4344
0.3322
1.7425
1.8164
0.3103
3.6978
2.355
0.2023
1.4705
2.2134
0.2741
3.9989
3.6777
1.4868
2.9418
3.6578
1.1315
0.6131
2.2236
2.189
1.4057
0.6407
1.0425
3.0071
3.5478
2.6027
2.3311
3.7397
3.5723
2.3089
1.1303
2.632
3.7299
1.7039
2.453
0.0821
1.9962
1.877
2.8836
3.7772
2.1546
1.1419
3.6647
1.1371
0.0789
0.9221
1.0762
2.729
3.5178
1.935
2.8877
1.5051
1.5845
2.4391
3.2704
2.3072
1.732
3.2756
2.7604
0.4671
2.3616
2.7609
1.0845
2.6474
2.4075
3.6129
1.6432
3.6449
2.9548
1.4471
2.499
2.6501
1.7428
2.2324
1.5015
3.8913
1.0406
0.8541
1.4237
3.8981
1.0394
3.7702
2.6633
0.7022
0.8416
1.2977
0.7643
3.9831
1.1413
2.6017
2.2662
3.7907
0.0797
3.2741
3.7354
3.4542
2.4244
3.6665
0.6952
2.1025
1.5602
3.0825
2.1922
0.0398
0.7044
0.8337
1.8939
1.8691
2.6408
1.2631
3.2624
1.917
2.256
0.8864
2.7122
2.5483
0.0956
0.9702
1.9347
0.5612
3.5356
1.8054
2.1326
0.049
0.4563
0.9097
0.0462
3.5245
1.5182
2.58
1.7695
2.252
2.9358
2.2827
0.7492
0.0028
3.8003
2.887
3.7101
0.3502
3.7529
0.7987
3.8533
1.6004
1.6443
0.5886
3.9866
2.5778
0.2654
3.2129
0.4921
1.8743
3.6783
0.0407
3.8644
3.6974
3.5404
1.379
0.9208
1.0483
3.194
2.711
0.263
1.6432
2.8294
2.7339
0.1527
0.5532
0.8146
2.7176
0.006
1.5866
0.7054
2.6813
0.9101
3.2141
0.0936
3.8614
2.5732
0.6281
0.007
2.1001
0.6767
1.5155
1.2542
0.5274
2.8418
0.7035
3.9422
3.085
0.3868
1.8543
3.0546
1.2597
1.1091
2.5063
0.2188
2.3036
1.1985
3.4601
3.7516
1.0119
1.0997
2.4809
1.0962
3.6576
3.9341
2.0479
1.4034
0.7947
3.5517
3.8167
2.4703
2.5483
2.7807
3.4409
3.0651
1.2558
2.9468
1.0672
2.2922
2.4065
0.9732
1.0221
3.1094
3.6656
1.8293
1.0333
3.1807
2.4708
0.8697
2.8513
3.0166
0.3105
2.142
2.3221
3.6749
0.6048
1.2622
0.4296
3.3324
3.3179
1.7823
3.8978
2.7694
2.7265
3.919
1.4587
2.7986
2.3096
1.4267
2.2689
2.3131
2.1813
1.5172
3.8558
3.9447
1.1492
2.9247
2.8868
0.2049
2.6484
2.3739
2.542
3.5324
1.4399
1.645
1.9397
3.3215
2.7044
2.7798
1.9853
1.3356
2.4544
1.3313
2.3936
1.8612
0.2812
3.4155
1.6703
3.4718
0.4159
1.2696
3.4432
0.0475
0.3752
3.8136
1.5041
0.9439
3.7937
3.7381
3.3816
0.0209
3.1011
0.9695
0.6833
0.6649
1.5817
0.9878
0.5814
3.7169
2.6228
0.6814
2.6394
1.0749
2.1539
2.192
0.033
1.9868
1.4025
1.6068
1.4159
1.7304
0.7219
3.2696
2.7044
2.1152
3.0759
2.7136
3.5074
3.4315
2.4952
3.061
0.9717
1.6152
1.3224
2.7131
1.1963
0.1393
2.4913
2.8649
2.7046
0.1689
2.4898
0.9426
0.1415
1.5071
2.8544
3.4535
3.9259
1.3709
3.9218
1.733
3.0227
2.5522
1.7822
0.9439
2.2812
0.1128
1.3634
0.7347
2.2465
0.9764
1.8991
2.6995
3.2703
2.0013
2.7568
3.3945
2.9015
2.1629
1.3531
1.2661
2.4814
1.031
1.6037
2.713
0.6217
2.4778
3.5427
3.8619
2.125
0.3901
2.8495
1.177
3.4989
3.4844
2.6602
1.97
1.512
2.7177
1.3086
0.2393
3.0634
1.1338
2.1361
2.5204
0.534
1.1347
3.395
2.3576
1.5721
2.1455
0.4353
1.8926
2.9453
0.7427
2.22
1.2396
0.146
1.5843
0.2747
2.3965
0.3344
1.7358
2.7117
3.7008
2.6709
0.6261
1.3158
2.6781
2.3229
1.8462
0.9371
1.8046
0.8767
1.225
1.3542
0.5818
3.7539
0.32
2.8564
2.8686
1.9784
1.6399
2.5973
1.8348
0.3221
3.4533
2.5303
0.8915
1.9295
2.2309
3.3729
2.8784
2.6187
0.6021
1.3587
0.3404
0.3782
0.4618
2.7082
0.7488
0.1668
1.5243
0.3903
0.4849
1.5604
3.631
2.7197
3.9356
1.1326
0.8556
0.9277
2.4534
2.8202
3.0938
1.7675
2.4239
1.5646
1.894
2.9677
1.066
0.4651
2.9509
3.2458
3.7796
0.7725
0.6612
2.8967
2.3826
3.5588
1.9719
2.4808
0.3664
1.186
1.8587
2.7396
2.8684
0.014
3.9098
3.3513
2.2899
0.9255
0.5715
0.3377
3.0947
3.8104
2.0248
2.9755
2.2606
3.3785
3.9005
0.0022
1.1305
2.711
1.0978
3.8662
3.8056
0.7561
1.1256
3.4754
3.1103
3.025
3.9206
2.1408
1.3531
2.2691
0.1147
2.4472
0.0826
1.6312
2.8196
1.8535
1.401
0.406
1.1435
0.9574
1.6384
2.3727
0.8854
0.8632
3.2212
3.4054
2.6628
0.4102
1.5505
3.8661
2.0433
3.4254
1.3405
2.8191
0.0992
3.5606
3.5672
0.4761
0.321
0.732
1.9047
2.2848
0.2315
3.4844
3.8855
3.0604
1.5246
0.4322
1.5147
0.1061
2.5494
0.776
0.1918
0.4326
1.605
2.3229
0.952
2.9801
2.3978
2.1248
1.548
0.8319
1.0509
0.6475
0.1169
0.7041
3.2385
3.0228
3.5179
0.9823
1.8216
1.4574
0.7723
2.7196
1.5209
1.0943
2.5571
1.4248
0.303
1.6344
2.0659
3.9812
1.1205
1.8737
0.4756
1.7918
1.4944
1.4248
2.4781
0.193
0.5016
2.1561
2.4912
0.6082
2.5998
1.5816
0.8802
1.709
1.4726
0.8017
1.2283
2.8089
1.425
2.9257
3.9198
3.0876
2.1633
0.966
1.7639
2.7109
1.1301
2.4169
3.751
1.7564
0.2034
2.7925
1.6618
1.9411
0.8785
3.6913
2.9076
2.7984
1.5747
3.0008
1.0393
3.4025
3.1038
2.3043
0.6372
1.2814
0.7338
1.9445
2.0707
1.3615
2.0975
1.7878
0.3193
2.5895
2.952
0.5591
1.5248
0.9408
0.4871
3.5268
1.6542
0.9063
1.296
1.6747
3.1665
0.2022
0.3433
2.5266
0.312
2.3628
3.0309
2.2955
2.1868
1.5044
3.7649
2.8566
1.7142
0.9315
3.417
1.8175
3.6439
0.3878
0.6349
0.3468
3.8328
3.9086
2.1961
2.9243
2.9916
0.8279
2.8934
2.4231
2.3135
1.4999
0.1956
0.3754
2.7159
3.5644
0.2419
1.8328
3.4654
2.9466
0.2088
1.8313
3.7392
2.675
2.2321
1.6541
3.2393
2.3333
3.8406
1.3283
0.0179
0.5917
2.9847
0.7311
2.5205
1.3053
3.5239
2.9205
0.315
0.6124
0.5525
0.0826
2.2271
3.2002
3.529
3.1396
0.8455
1.6981
0.0218
3.6401
3.9816
2.4028
1.0447
0.5859
2.4953
1.8727
2.729
0.7746
2.5409
2.0019
0.711
1.3017
1.1077
1.8283
3.234
1.1726
3.4429
3.5378
2.7288
2.5546
1.8321
2.5252
2.6744
3.9904
0.9562
0.4552
2.0824
0.9154
0.1804
1.3693
0.4211
1.1929
3.5444
3.1009
1.964
3.3759
3.3431
2.5665
3.2585
2.474
3.2186
1.3063
3.4505
0.9769
2.0567
1.5199
3.7071
2.6936
1.2722
1.8258
0.8965
1.3056
2.2047
3.7169
1.5789
0.262
2.5908
0.7552
2.68
2.8293
0.9772
2.4207
2.201
0.1423
2.0051
1.0439
1.754
2.9314
0.4561
1.4466
2.815
3.153
3.675
1.667
1.5117
1.9578
2.9731
3.7892
3.6846
0.3424
0.176
2.2441
2.5277
2.6045
3.4911
3.3644
2.9143
3.8241
2.5271
3.3015
0.1219
2.0904
0.8149
0.5132
2.4868
1.5143
2.4653
0.968
1.9302
1.2166
1.1895
0.4794
1.6264
1.6531
3.865
3.1464
1.603
3.0903
3.9342
3.9417
2.5392
2.6021
0.6142
2.3638
1.4538
0.8138
2.3022
2.0294
0.6351
2.9342
1.0148
0.9449
3.5611
2.6155
3.6619
0.775
3.1087
3.5071
0.1077
2.5535
3.8544
1.448
1.9556
1.1827
0.9125
3.6705
2.9161
2.0262
3.5152
1.0472
2.0351
3.7162
1.4506
1.1045
2.2006
1.0654
2.5311
0.0664
1.4825
1.9124
0.8405
0.0255
2.3953
1.0608
1.3186
0.6543
0.6066
1.3426
1.8391
1.4988
2.8286
2.9201
1.3455
2.1678
1.0882
2.2581
2.6855
1.979
0.8332
0.2553
3.7913
1.088
3.2905
1.4678
3.5894
1.1165
0.3121
0.8471
1.2356
2.7232
0.1261
0.8709
2.1434
0.3212
3.5799
2.1499
0.5299
0.0182
0.3339
3.4713
1.787
2.4642
2.5598
0.435
3.2562
2.8697
1.2168
2.6066
2.6927
0.6833
2.3516
3.9882
1.6908
2.5717
1.3601
0.3436
3.3468
0.8568
0.5392
1.423
0.2939
1.8845
0.8934
1.2207
1.9945
1.1195
1.9416
0.6499
3.0536
1.3447
3.5244
2.0079
1.5665
2.275
2.998
3.3905
0.0886
1.2365
0.6581
0.005
0.9356
1.6694
3.5767
2.6284
0.3274
1.0553
1.5309
1.7571
0.5926
0.954
0.1896
3.6482
1.2038
0.2809
3.8597
2.0242
0.8826
2.474
2.7836
2.5948
3.4902
3.8027
0.5095
2.1313
0.3512
3.4899
0.9138
0.6557
0.7218
2.7796
3.4341
0.6033
2.2918
2.6521
3.9583
2.2683
0.6882
3.6951
1.836
3.5294
0.4966
2.8428
0.8802
1.0246
2.3055
3.7037
2.4347
3.9716
3.1625
0.0254
0.0775
3.0848
1.4692
3.6735
3.324
3.3414
3.8426
2.4816
1.4465
3.4357
0.5705
1.527
0.2393
1.5317
0.9354
0.289
0.2862
0.7639
3.9475
1.7504
3.248
1.385
0.463
2.4581
1.9322
3.3566
3.0378
0.3105
1.9177
2.8002
2.3375
3.9693
0.7886
0.4859
0.0628
1.3557
1.1067
3.0913
2.5999
3.2882
3.0427
0.0556
0.0468
1.0412
2.6902
3.6883
0.408
0.2283
1.5027
3.9971
2.6018
2.3559
0.6291
3.0966
2.1745
3.7422
3.2653
1.9079
1.6546
1.3082
0.525
0.5819
2.1758
1.5063
0.4083
1.6553
3.5976
2.6643
3.378
1.9779
1.283
2.3001
2.1015
3.5613
3.1838
2.4882
1.1165
0.5191
3.1692
3.2737
3.6812
2.9642
3.7122
0.2539
1.8646
3.92
2.2512
0.1817
1.8753
0.5873
3.7489
1.8698
0.9114
2.9134
3.3236
0.5241
0.4209
3.8469
1.1147
2.572
3.481
3.4983
0.1825
1.771
3.3614
3.4038
1.0299
0.312
0.6799
3.3092
1.949
2.4253
1.2134
3.4864
3.2427
2.4027
0.8979
3.5569
1.8391
0.0603
0.1271
3.778
2.9069
3.0092
2.0747
0.5907
0.518
0.5037
0.4627
2.2609
0.2959
2.0191
3.348
1.1447
1.3657
0.0693
3.9111
0.2021
1.5358
0.2118
2.4005
1.3296
1.9475
3.601
1.7058
3.8802
2.2514
1.6069
0.748
0.7168
1.3088
0.522
1.4028
3.6097
1.5869
1.1185
2.5618
3.3481
2.3782
2.0636
3.2535
0.1336
2.9715
0.3918
3.793
3.5823
2.5694
3.772
0.8192
1.4744
0.0818
1.4576
3.85
2.1048
1.0031
0.2272
2.1229
1.5732
3.4676
2.9483
0.8408
2.2561
3.4117
0.2913
2.9998
2.0879
1.3593
1.788
2.0972
0.3047
3.748
0.6576
3.9128
2.6543
1.9368
3.8233
2.2833
2.7867
0.4324
1.921
1.937
1.0237
2.4062
2.9206
0.2026
3.9664
2.1566
0.6491
1.4861
3.3623
1.6532
2.1847
2.8832
0.1857
3.004
2.232
1.8015
3.8076
1.5278
2.1497
1.6653
2.6719
0.4603
0.4809
1.0028
2.3892
1.5456
0.5249
0.6352
1.2693
0.1982
2.5161
0.6978
1.77
0.2783
2.587
0.9445
3.5026
3.4418
0.527
3.2096
2.3482
0.7542
2.2934
2.9356
3.3583
0.4717
2.6806
2.9522
0.7338
1.0925
3.0264
3.2157
1.5627
1.1016
0.7096
3.0156
0.6402
0.9975
0.1148
2.2547
3.5085
2.2574
1.0635
2.3383
3.9301
2.669
3.1156
0.6992
1.4946
3.511
3.038
3.3088
3.4444
2.727
3.3922
0.4176
1.7879
3.9805
0.635
2.077
3.5679
0.7402
1.9007
1.3236
1.6477
3.8976
2.3846
1.9216
3.0656
2.3875
2.3941
1.2742
1.1987
3.4325
0.8473
2.6805
3.5697
1.3788
3.3715
0.7461
0.3578
3.6658
2.381
3.6923
3.8584
3.1926
2.4303
3.8753
2.0041
1.4076
2.2846
1.5528
3.5916
2.1134
0.4491
0.462
1.2091
3.0149
0.949
1.6575
0.8227
2.6057
2.8965
0.8784
3.8522
1.4491
0.1418
3.7208
3.6657
1.9816
0.9152
0.2095
2.615
0.7075
1.6128
2.8482
0.5974
2.5547
0.6425
0.5223
2.7266
2.5238
3.893
3.1851
2.5408
1.3188
1.2209
2.3855
3.6217
0.9096
2.9747
0.4249
3.8837
1.3747
3.1503
3.7821
3.3692
1.2577
1.2438
3.4041
2.7235
1.2264
3.0146
3.22
0.5723
1.2297
0.5628
2.9064
0.0033
0.8956
1.0928
3.1538
1.3292
3.6974
1.0039
3.7808
3.7849
1.4956
3.0077
3.2616
1.2654
1.1819
2.3908
1.3328
0.8381
3.6598
2.2464
3.6095
2.9429
0.6408
3.7416
3.3214
1.2527
2.0615
1.2438
3.0858
1.3399
2.5208
0.5112
3.1989
3.1848
0.8558
1.0489
1.675
2.9539
3.4837
3.1361
2.0595
0.3833
2.3771
2.8484
2.8962
2.624
1.0787
0.4544
1.0708
3.204
1.773
1.2029
0.8291
3.2286
2.9969
0.681
0.0988
0.2454
1.641
1.6847
1.8937
2.2445
3.6736
0.4794
3.549
1.6629
3.4988
2.6486
0.2464
0.6147
3.6781
2.6857
3.6265
3.5752
3.0376
1.594
3.5692
3.491
2.0717
0.0702
3.1257
1.3023
1.7637
0.8896
2.0745
1.0719
1.6812
1.3782
2.1978
0.7966
1.4355
2.2573
1.276
2.2795
1.536
1.8189
1.105
2.9288
1.3012
2.216
1.8097
2.2199
0.601
0.867
3.7968
1.1153
0.8589
1.8912
1.526
0.1258
2.923
2.3943
0.2584
1.6593
1.0734
0.3241
0.0479
1.8583
2.3951
0.2724
2.6301
1.5001
1.1273
1.02
2.1496
3.4281
2.2641
3.8488
0.2909
1.899
0.4207
0.4245
3.8228
1.4249
2.6175
2.2443
2.3082
2.0248
2.777
2.7492
2.9968
3.3869
3.4291
3.8542
2.0868
3.0717
3.5587
2.1652
3.8853
0.3114
3.8822
3.0768
2.5035
3.5229
0.2562
2.9825
3.8009
1.6358
0.4138
1.602
2.9954
3.3663
3.3691
3.7808
2.2977
2.1863
1.4515
2.5731
1.8232
2.8113
0.5491
0.6692
0.6515
1.8624
2.2056
0.7457
0.5238
1.4605
2.7293
1.9097
0.6141
0.6231
1.6895
2.7178
1.4001
3.3308
1.9085
3.4586
0.705
0.2851
3.6043
1.0587
0.9666
2.8779
2.5682
2.5173
2.4338
2.3946
0.1445
3.2963
0.3893
2.6045
3.9283
3.1013
0.6846
3.0779
2.1103
2.8544
2.9639
1.3679
3.5092
1.845
3.762
0.974
2.2306
1.5927
3.2408
1.7765
1.947
0.1728
2.3356
3.9961
2.2527
0.4185
0.4253
0.762
2.6572
2.2397
1.3176
0.0809
0.637
1.8647
0.0713
1.2452
1.291
1.6922
0.7721
3.896
0.4776
2.7993
2.7074
2.0197
1.148
1.6294
1.7074
0.8616
0.9757
2.4849
1.2638
1.6877
1.9304
2.0246
1.6183
1.3057
1.1868
0.8194
1.7541
1.6259
3.0474
1.9997
1.3148
0.3096
2.8782
0.2627
1.3774
2.3451
0.0599
3.3877
0.3541
2.7432
1.3499
0.7507
3.4383
0.8743
2.1251
3.7541
0.3722
2.0362
3.5275
2.8787
0.7826
0.4791
3.5239
0.8844
0.9499
1.9826
0.269
2.3057
1.6466
3.5607
2.4376
2.6654
0.8473
3.6676
2.5565
2.4201
1.2711
3.485
0.9513
2.5563
2.9922
1.3322
0.4621
2.1838
3.6215
3.0313
1.1799
2.2774
0.0952
0.176
3.6731
1.9804
1.4155
3.7628
3.9797
2.4249
3.2836
2.1564
0.435
1.9019
2.9593
0.4049
0.8278
0.3038
0.7611
2.9939
1.9976
3.7053
0.0642
0.9982
3.9749
3.133
1.887
2.9634
0.0069
0.4242
1.5237
0.627
3.4234
3.2327
2.6668
2.9963
1.6741
0.5256
2.2021
0.7876
3.3493
3.2885
3.1413
0.6148
3.8989
3.1497
0.4119
1.8498
2.3032
1.7765
0.537
3.5347
2.2203
3.1344
0.7082
3.6933
3.2139
2.9991
1.783
3.1501
3.2198
0.1208
1.4147
3.4757
0.6478
1.7212
3.2335
3.1089
0.5335
2.1977
3.2333
2.3431
1.6891
2.9845
2.6477
2.7094
0.8149
0.792
2.8483
2.522
1.766
1.1831
0.8428
3.6778
3.0596
3.8753
1.4596
3.72
1.2123
2.9855
0.3923
3.407
1.9768
3.4201
0.801
0.6804
3.1066
2.3
3.6276
3.5014
0.1609
3.908
0.2039
1.4959
3.6311
0.4769
2.4115
3.5231
1.5957
0.9583
1.611
1.975
0.3761
3.5037
2.5967
1.7969
0.6094
0.8597
1.7513
2.1024
3.0891
0.5437
0.5862
0.0212
1.4825
1.1924
2.703
0.116
1.5309
3.6237
3.1398
2.2037
0.5051
0.7984
2.4707
2.099
0.3312
1.5402
2.3754
2.9557
0.4563
2.976
1.7973
3.5442
0.1098
2.2127
2.1008
2.2871
3.9771
1.1323
0.3423
2.6449
3.3807
2.3251
0.227
0.3923
1.5321
1.156
0.4876
0.6937
3.4139
1.9679
3.1577
2.9567
0.5029
3.3424
2.8949
2.3179
0.4768
1.5819
2.9117
3.493
1.589
3.6187
3.2821
0.194
2.0551
3.8933
1.0813
0.4547
3.2052
2.4285
1.4269
0.4511
0.2481
0.8595
3.1476
1.0461
3.5428
2.5902
3.8283
0.9575
1.4543
2.7222
3.1251
0.4147
0.1147
2.1674
3.2239
3.7606
2.2579
3.8706
3.9275
0.2835
0.0859
2.7534
1.6752
2.9296
2.8512
1.6186
2.6663
2.4305
1.2763
0.1207
0.3275
1.3877
3.8024
3.2432
1.9045
0.9445
3.9906
1.1159
3.862
2.5721
0.5851
1.7776
0.7517
3.9114
3.3566
1.3833
0.9875
2.6629
3.0625
2.0882
3.7219
3.3547
0.8184
3.5407
3.4655
1.9544
0.9156
2.4146
3.2096
0.3494
0.0751
3.0379
0.3688
1.5803
1.1609
1.3544
2.0343
2.4057
2.0642
3.3732
3.8029
2.7727
2.5742
2.3753
2.2689
2.5788
1.5916
2.2783
0.3838
2.6203
3.6215
0.5544
3.5436
0.035
2.1156
0.2545
2.7008
1.9133
1.6663
0.4303
0.6011
2.3384
2.9883
2.1911
0.3904
1.6563
0.6084
0.5848
2.0207
0.2089
2.6661
2.2662
2.9714
0.7827
2.5787
0.9873
3.1626
2.8629
1.0821
0.1212
3.5179
2.0001
3.7059
0.3629
0.3782
1.8817
3.8465
2.9857
0.4993
1.1757
3.0024
2.3047
0.9897
2.4094
3.1988
2.9183
0.7337
0.5093
2.1941
1.8021
1.7112
0.6867
2.6904
1.1545
1.1225
1.9405
3.3777
3.3637
2.0617
3.303
2.7412
2.896
0.9566
2.5947
3.154
0.3121
1.6754
0.1151
3.0933
2.5218
3.6235
2.865
0.2938
2.0202
2.1894
1.0992
0.3427
0.7719
1.022
2.9899
0.0433
3.8593
3.9588
2.0632
1.1472
1.2493
3.7907
0.6116
3.6973
0.5328
0.3377
1.0271
2.3786
2.9507
2.4961
3.1973
3.7561
2.6978
3.3112
3.0935
3.6318
2.3214
1.1589
2.1996
1.1963
2.6451
3.4931
0.3935
0.2
3.5598
0.3778
3.6155
1.0155
0.6727
3.4891
3.2647
0.8732
1.8076
3.3632
0.6102
0.843
0.2217
3.2501
0.3103
2.8252
0.759
1.1934
3.5954
2.5068
2.4668
1.6543
1.4575
1.68
0.6383
2.2788
3.6221
1.6579
0.4074
3.5133
0.7984
1.2484
3.3687
2.0445
2.2306
1.5657
0.7453
3.0728
0.3522
2.8202
0.9665
1.8302
2.5057
1.4426
2.0739
3.546
3.3491
3.6709
1.187
0.3476
1.1618
3.1999
0.6997
0.6946
2.9084
2.9385
1.0439
1.8936
0.3082
3.4065
3.0166
3.2772
0.7312
1.6185
0.0041
2.2437
3.0006
2.7365
2.4951
3.5004
1.541
2.9317
3.8709
3.6839
0.8527
3.543
1.8809
1.6486
2.4817
1.746
2.8236
3.9177
2.9893
0.0847
3.3215
1.6248
0.2986
0.7965
1.5963
1.6571
3.4788
2.4846
0.4763
3.6712
0.3776
2.1512
3.2723
2.0785
2.1695
1.4946
3.9114
3.4495
3.6668
0.2553
0.5806
0.9078
3.511
3.9986
0.4815
2.7987
2.9987
1.4098
3.4156
2.1277
1.0727
1.3887
0.8645
1.3505
1.1063
3.1
1.4322
0.0987
2.7653
1.0155
0.1723
3.5289
0.3711
1.8636
2.8877
1.575
0.3009
2.3443
2.2753
2.1782
1.2393
0.4355
1.1892
0.8629
1.4215
2.816
0.1089
0.3591
2.7242
1.2625
3.4242
3.4783
3.2829
1.1651
2.9263
3.0085
1.5014
1.8189
1.7556
2.4747
3.983
2.4124
1.5404
2.1026
1.2322
0.0198
3.0708
3.0949
0.4304
0.9358
1.4785
2.6906
2.8648
1.6865
3.7405
0.5918
2.4369
2.867
2.9423
2.8387
2.5105
0.6664
3.9942
3.9114
3.8411
2.0566
1.4611
2.8963
3.6384
2.5489
2.6151
1.0818
1.9887
0.3688
2.4846
0.4057
2.7653
2.7754
2.0066
3.0573
1.497
1.0782
0.3077
1.6347
3.9932
0.8446
1.8359
1.7888
2.4695
0.1249
1.1797
1.1675
0.7932
2.4981
3.5954
1.0519
1.3173
2.6924
0.1228
3.8597
2.776
0.1216
2.004
3.5687
1.4145
0.1887
0.1818
3.8333
2.4123
2.5571
0.0047
1.0245
2.1362
3.6768
0.8544
0.3776
1.2904
2.485
1.7599
1.0313
1.3677
0.9144
1.6949
3.995
2.5026
3.0474
3.7582
2.9297
1.6264
3.4604
1.504
3.6388
2.1242
2.9131
1.0925
0.8258
0.1329
0.5536
1.1027
3.9874
0.3294
0.7274
0.271
3.1418
2.7994
1.6112
3.5993
0.025
3.4361
2.6742
2.8163
2.7876
2.3382
2.1521
0.6092
3.474
0.4968
3.8788
2.5444
1.0743
3.7759
1.6193
0.4274
1.8037
1.9182
3.2967
3.1013
2.7813
2.1878
0.3268
2.7142
0.5671
1.2935
1.4753
0.6084
1.4506
0.3103
0.6924
1.3185
0.818
3.4801
3.7075
3.8905
2.1417
3.3064
3.4249
1.0567
3.1338
0.84
0.9091
2.3577
0.5957
2.156
1.9294
0.9696
3.4158
0.4134
0.3989
2.007
0.3792
1.8558
0.2572
1.9243
0.4228
1.0263
0.1238
1.6836
1.0288
2.3244
1.031
3.5661
1.469
3.0978
0.7666
1.9308
0.7857
2.1812
1.9916
3.8927
1.1143
1.5739
2.4672
2.564
3.7602
2.9879
1.0897
2.1779
0.7919
0.526
1.7539
2.4297
0.8632
1.7478
2.5187
2.9544
1.8828
1.6229
2.0122
0.9382
3.4762
3.9749
0.8668
0.5885
2.8607
2.6413
1.3049
3.1522
0.3682
2.3738
2.1856
3.8711
1.3742
1.6161
2.2084
3.9745
2.7296
2.9528
1.1652
3.8515
1.5233
2.464
1.1313
1.9069
2.9111
1.709
2.8845
2.0498
0.587
2.6367
0.7226
3.9398
1.7504
1.9679
3.6148
1.1604
2.667
3.7552
1.1882
2.8398
0.3466
0.666
2.9576
3.287
2.3615
0.618
3.8038
3.0925
3.2791
3.9322
2.9717
0.0905
3.9005
2.5298
3.4575
0.0805
1.4575
1.9488
1.0281
0.7371
3.644
0.4805
1.2483
1.2462
3.8082
2.9764
1.3037
2.2842
2.0328
3.5524
2.9977
0.0944
3.7719
2.3562
1.2496
3.4729
1.3294
0.6759
0.5051
0.2474
1.0653
1.67
2.4863
1.2927
2.5394
0.8177
1.5665
1.0639
3.5429
0.0338
3.0421
1.7382
3.8456
1.0042
0.6744
1.1982
1.4041
1.9959
2.2999
0.758
2.1694
2.8053
3.6313
2.358
3.984
1.071
2.1416
0.4338
2.2764
3.6297
3.1929
2.3025
0.6695
1.8355
3.2717
0.37
1.5096
1.1806
3.8093
2.421
3.7702
3.6452
0.7175
2.3765
2.2582
1.1424
2.9162
1.0601
1.3999
0.4344
3.4422
2.4103
3.7991
1.8694
0.6455
3.2576
3.7109
1.0302
1.4144
0.4938
3.2756
1.1462
1.0271
2.6729
3.7872
3.3073
0.7057
0.9255
3.0743
2.0137
0.3803
1.2225
0.0204
1.1365
1.839
2.2756
3.5573
0.1111
3.1197
3.4582
0.6241
3.3733
0.4195
0.9169
1.1603
1.4098
3.5516
3.2604
2.2809
1.3408
1.5608
2.6681
2.9481
2.5188
2.7144
0.2183
3.798
3.1674
3.3591
2.0933
0.3673
3.6882
0.6565
3.7217
3.2309
0.5137
1.2918
2.8779
3.9084
1.1205
2.9436
1.2774
0.6056
2.7197
1.205
3.2054
0.8429
3.7716
1.2896
3.066
3.7283
1.9985
2.2526
3.2806
0.4372
3.549
1.3071
2.5578
2.9035
2.2752
0.2452
1.3159
1.5467
0.8031
3.7863
1.7641
0.4553
3.0659
1.9434
1.6589
2.0476
2.0103
1.564
1.5505
1.78
3.2006
1.967
3.7037
1.8689
3.1335
3.6669
2.364
0.4447
0.9407
3.2837
0.3933
1.5667
0.5365
3.1352
1.3643
3.1163
2.6268
1.0561
2.1878
3.4858
1.0322
2.5597
1.6808
0.7327
1.5551
2.0236
0.808
0.5994
1.8168
0.7263
2.4825
2.1456
0.4364
1.8807
3.7167
3.2898
1.5278
1.0723
0.4153
3.4675
3.4769
3.8087
0.3637
1.6688
1.2079
3.5059
2.4392
3.8471
2.7518
0.5117
1.3974
1.6745
3.5377
0.2686
3.9989
1.495
0.2437
0.3154
2.7389
3.2663
0.3099
1.9288
1.9367
2.8411
1.7779
1.0774
3.1173
3.3711
1.1846
3.338
2.4553
0.1715
2.8915
1.1854
3.8532
0.3494
1.3444
3.8277
0.7689
1.8926
3.0257
1.1258
2.3014
0.0772
3.8726
1.512
1.9794
0.7734
1.6347
3.659
2.2375
0.1443
3.1366
2.6443
2.8396
1.3583
2.2749
3.0861
1.4028
0.7444
2.5781
3.6925
3.5814
2.957
2.6902
3.8803
3.8806
3.9454
1.1021
0.8722
1.3659
1.3815
0.489
0.8986
3.7748
2.7256
3.4089
1.2668
0.7108
3.1174
1.2979
1.9708
1.2196
0.8352
3.0958
0.0912
2.365
3.2306
2.3176
0.623
3.9905
0.833
0.8134
3.4815
0.123
2.4819
0.8421
1.1996
2.7305
2.7718
2.1585
0.5102
1.3921
2.504
1.8723
0.3777
1.0614
3.9181
1.0624
3.5176
2.068
0.1071
3.9864
2.5591
2.9984
3.9928
0.2193
2.5044
0.0261
1.9927
0.0941
2.6778
2.7979
1.317
3.2761
3.2633
1.9363
3.743
3.081
3.5886
3.8231
2.4238
0.2194
1.3011
0.6807
0.0559
3.8838
1.8419
3.5679
2.9935
1.8358
0.7634
0.9182
3.3473
2.7263
3.1067
2.9617
3.6453
1.4759
3.7804
0.7791
3.1054
1.4773
0.3199
1.132
1.9835
1.5936
1.372
3.4553
1.0286
1.813
3.0122
0.0374
0.9436
1.9075
0.2055
3.8166
2.1772
3.0034
2.3078
2.5153
2.8505
1.9363
2.4315
0.6484
3.0162
0.086
3.9104
3.4054
1.3072
2.9781
2.9289
2.7246
3.4595
2.9415
1.7908
3.4142
3.5523
3.6619
0.6964
1.0131
1.6038
1.0682
3.3764
2.7218
1.5051
2.6152
0.5737
2.212
1.3729
0.7353
0.8985
0.4765
2.5973
0.6044
2.7455
0.2466
0.5751
3.2748
2.1834
1.8892
2.2097
1.0511
1.0922
2.814
0.3225
1.121
2.5811
2.7847
1.5223
0.8542
0.0358
3.8319
2.0263
0.0365
1.9117
1.3655
2.436
2.0543
3.6036
0.6471
3.8469
1.5425
0.2194
2.9613
0.5425
0.0176
3.2321
1.8552
2.5731
3.778
0.4823
1.3674
1.3832
3.7895
1.4543
3.5071
1.9276
2.3016
3.1759
3.3329
1.9056
1.8267
3.4075
2.2609
2.1358
0.0895
2.6106
0.2119
1.2865
1.9051
2.2424
3.615
1.9964
2.9798
3.6305
3.6805
1.2299
0.0183
1.1505
1.3367
2.9281
0.3634
3.3408
0.9115
2.1677
0.4466
2.5247
0.6828
1.265
2.9813
2.4657
3.3587
1.5824
2.0766
1.2391
1.3842
3.6382
2.9471
3.5588
3.7513
0.6125
2.0671
2.3605
3.6876
2.7685
2.772
3.2545
1.207
0.665
1.856
2.5045
0.3167
2.1353
1.3706
1.9038
1.1082
3.3129
1.1442
1.8452
1.8323
3.1521
1.5375
3.821
3.8063
0.0679
1.8261
1.9521
3.413
2.7806
0.3844
0.6104
0.3226
0.6971
1.9434
0.8363
0.8785
3.5444
3.6417
0.3476
0.3303
1.96
1.2739
1.0656
2.1345
0.0663
1.222
2.6794
0.6244
1.7047
2.7565
3.3653
3.1303
3.1159
1.9736
3.0593
2.8327
1.9981
1.7374
2.0928
0.2847
3.312
0.9893
1.7383
2.301
2.0154
2.8783
2.2535
2.8325
3.3898
2.2828
3.7828
3.2996
1.3064
1.3577
1.1472
2.2085
1.3457
0.9043
3.5122
0.7371
0.6997
0.2427
0.9661
0.6461
0.5347
0.2485
3.4371
0.7624
3.9004
0.0112
2.9164
2.5155
1.7836
0.7019
1.6368
1.4117
3.1356
2.0464
2.7018
1.4665
1.6511
2.7642
1.1076
0.1414
0.9685
1.607
3.1634
2.1736
2.9509
1.3002
2.7971
1.4505
3.165
1.1381
1.6519
1.6906
1.4356
3.8547
1.2984
3.2127
0.856
3.6823
3.0875
0.2885
1.8063
2.6192
2.8819
1.1844
3.9945
2.6541
1.502
2.5122
2.0434
0.2631
2.4367
2.989
3.3784
3.008
1.1578
1.5941
3.9921
2.9155
1.6271
1.6079
2.6288
2.2786
3.2191
1.4396
0.1435
1.9159
0.3076
2.659
3.4371
1.7357
3.121
2.7149
0.823
2.8862
3.4351
3.629
1.7519
3.0976
3.4562
3.2927
2.829
1.1233
3.9173
0.5954
0.0782
2.2917
1.1243
0.0982
3.9322
3.0888
3.1453
3.3383
3.5816
2.4626
3.604
3.7238
3.463
3.1578
0.8214
2.7708
3.3657
0.0575
0.9725
1.5637
1.4278
2.229
0.426
3.7957
3.7345
3.0705
0.7694
3.1047
0.263
0.3852
0.7287
0.8739
2.2038
1.5577
3.3742
2.533
0.3132
3.6842
2.0729
3.5269
3.6045
1.8821
1.9517
3.4931
0.1198
0.7814
0.2251
0.8553
1.8791
3.3198
3.9207
1.2721
3.1424
2.0983
1.1437
0.6743
2.8516
2.2047
3.2266
2.0044
1.4585
0.7118
1.3271
3.5084
3.2494
2.0837
3.4059
1.5537
1.5142
3.3431
1.6492
3.0434
0.9508
0.6805
1.7794
3.8831
0.4625
1.8892
2.8095
2.0888
1.9691
1.0889
0.352
0.8728
0.583
2.4225
3.6139
1.8462
3.183
2.3645
3.1517
2.8813
0.3503
0.5961
3.968
3.1732
2.7368
3.3317
1.8366
2.2992
1.8394
1.6105
1.0083
0.3317
3.2486
1.2583
2.7147
0.6782
3.1172
1.5947
0.3346
1.4142
0.8432
3.81
1.1033
0.1875
0.6754
0.5712
3.4077
0.9244
3.6868
3.3648
2.7289
3.7182
1.5764
0.2065
2.6387
0.2097
2.8854
0.8562
2.4562
2.202
3.2059
1.025
3.3943
1.904
3.6717
2.3803
3.389
0.2156
3.2278
0.5084
1.4452
1.8064
3.9478
0.5265
0.3672
2.9742
0.3979
3.1764
3.0474
1.8312
2.9726
2.8482
0.0222
1.4869
0.3812
2.2657
2.9887
2.7174
3.0976
1.8502
2.4735
0.5885
3.6165
0.1727
0.4329
2.7136
0.7655
3.359
2.3826
0.3501
1.9905
2.4853
3.0939
2.7975
2.423
1.68
1.6826
0.5201
0.7002
0.1413
0.7011
3.9967
0.6192
2.1528
0.246
0.8128
0.609
2.297
1.9779
3.2087
0.5733
0.7522
1.1958
0.9953
1.2688
3.2026
1.7247
1.2854
3.9237
1.4175
3.779
0.5055
2.8968
2.7597
2.8066
3.0406
0.591
2.1697
3.34
3.159
0.7032
3.1213
3.9089
3.5478
0.4724
1.7694
2.5007
1.8294
3.5268
0.9879
0.0897
3.1786
2.409
0.4356
2.431
2.8183
3.341
1.0576
0.2536
3.5516
2.6462
0.821
1.0021
2.178
1.8479
0.4358
1.5076
0.6949
3.6692
0.8631
2.6574
1.1268
1.0594
1.9063
1.1293
2.0804
3.365
2.1088
1.7605
1.3039
2.5355
2.4742
3.9531
1.6601
0.4687
2.5228
2.3976
0.4319
1.4093
3.2137
3.0529
1.3875
1.5131
1.1354
0.887
0.3993
3.5272
1.2193
1.4964
1.1548
3.705
0.7452
1.6953
3.891
0.232
3.1119
1.6449
1.4298
3.5595
2.9691
2.7288
0.2254
2.5493
1.0649
3.4222
1.0337
1.7406
0.4959
3.3279
3.5917
2.5616
2.6609
3.6854
3.191
0.9268
1.5385
1.1706
0.3011
0.8712
3.2596
2.5771
1.5499
2.6017
3.5559
2.9792
0.2194
3.5473
2.5047
2.2528
2.7864
3.3393
0.0675
2.5285
3.0986
2.9065
3.8193
1.0543
3.43
0.9965
2.2664
3.0606
0.0423
1.7262
1.4645
1.6989
1.3717
1.1002
3.4175
0.3945
3.1779
0.9526
2.9783
2.6795
3.021
2.4007
1.3681
2.3601
3.0034
3.956
0.6134
2.0973
3.774
3.1068
0.3021
0.4487
1.3438
3.8425
0.9409
2.6018
2.5563
0.1222
2.39
0.163
2.2163
2.9291
2.7601
0.0731
3.894
0.5783
0.6051
0.8556
0.2503
3.7271
3.1139
2.5819
0.8473
3.3604
0.0878
2.389
1.3422
3.1337
3.7832
0.2753
1.6716
2.6524
0.6477
1.966
0.7716
0.4157
0.4636
2.4583
2.6238
2.1048
1.5468
2.5025
1.702
3.8174
1.656
2.1828
0.8954
3.9031
2.0091
3.3945
3.6827
0.3622
3.4082
3.9281
0.9139
2.6748
2.8983
0.6208
1.2706
1.9914
2.0753
0.3768
3.6206
2.6081
1.6736
0.2164
0.07
2.783
1.4469
1.0144
1.476
0.7447
1.6595
2.3485
0.7753
3.2143
2.4464
2.5164
0.5973
3.5234
1.1349
1.06
3.985
2.5152
1.394
2.9059
1.2091
1.351
1.2908
1.889
0.5001
0.5908
0.9375
2.323
2.556
0.9998
0.1874
3.3199
2.6153
0.9197
1.9016
0.6312
3.6161
0.8213
3.2431
2.3201
3.0885
1.902
3.9592
0.8153
0.9901
1.817
2.1278
1.9398
2.7577
3.1033
0.2877
3.1936
0.141
2.4785
1.8426
2.36
3.7564
0.4318
3.5678
3.2205
0.9738
0.8136
3.03
2.8776
1.3496
1.1059
3.6048
3.5626
0.9682
1.5928
3.4031
0.1475
2.5287
1.871
2.4476
0.6245
1.037
3.3341
2.8457
1.8389
3.3349
0.6619
0.4692
1.0212
2.2585
0.9378
3.3039
0.7092
1.079
1.7955
2.0139
3.39
2.4358
1.8469
1.6226
2.8063
0.5279
0.923
0.6999
3.7265
3.8103
0.9617
2.721
3.006
0.6974
2.2333
3.8807
0.6035
2.783
2.4961
1.7199
3.2652
0.3506
2.9068
1.5554
2.5453
2.2416
1.5362
1.9487
3.8369
0.896
1.1815
2.9238
0.3978
0.8651
3.4372
2.4106
1.4386
3.7225
0.8373
0.1448
2.9004
0.29
2.2126
3.7276
1.9074
1.6558
2.5993
0.7533
3.9965
3.0063
3.6159
0.0562
3.7676
2.2345
0.7748
1.1194
0.5545
2.7998
2.2769
2.3521
0.9825
2.9467
0.4115
1.6486
2.67
3.7746
3.4488
0.642
3.7865
3.4086
3.417
1.1717
2.7047
2.2552
3.6807
1.1789
2.4358
0.3861
0.6259
1.5163
2.8405
1.32
0.8318
0.0427
1.1532
2.0768
2.3776
2.2493
0.625
2.6942
0.0222
0.9187
1.8503
0.0883
2.5358
2.4096
2.1046
1.1024
3.3568
3.9416
3.5666
0.5599
3.5838
0.9327
0.3351
0.0862
2.8173
3.6946
0.3494
3.6425
1.7917
0.0963
1.0041
3.7823
1.5254
3.0588
1.5877
3.6774
2.0736
0.6918
3.4772
3.3543
0.3498
0.1242
1.636
1.2952
3.3881
1.0694
2.0364
0.1373
3.0772
3.5579
1.9042
1.0313
0.8461
3.633
2.0573
3.7136
1.1618
3.6865
3.074
0.9344
0.0254
0.8737
1.2777
3.7483
1.191
0.0245
1.8105
3.1818
1.3433
1.3107
0.9489
3.7673
2.1684
3.9991
1.4131
1.1473
0.3563
2.8779
1.3771
1.6209
1.448
0.2392
3.2655
2.1138
3.3119
0.8627
3.4789
3.0252
3.5589
0.8264
0.0223
2.9387
3.4067
3.9383
2.6883
1.3791
3.1474
2.5338
2.4799
2.7359
0.7915
2.6548
2.2143
1.5505
0.7082
2.0989
3.5005
3.9225
3.84
3.1935
3.9041
2.466
2.2045
2.2314
3.2032
2.5722
0.6089
0.421
0.2558
3.0096
2.8121
2.2178
3.7387
2.207
1.6782
3.6202
3.846
1.9441
2.4677
3.9481
3.4002
0.4077
3.185
1.9343
2.5727
3.163
0.2732
1.6116
2.4719
1.2505
0.3864
3.8873
1.5301
3.8805
1.8578
2.7036
2.8153
2.4494
3.7453
3.789
0.4743
2.531
2.1279
1.4038
2.08
3.6119
2.6749
1.3976
2.7145
1.9039
2.5039
0.5786
1.8767
1.9853
3.1732
2.5595
3.6836
1.1988
2.2631
0.0588
3.3014
2.4378
0.6594
0.6205
0.6665
1.1354
2.6967
1.1518
2.757
1.6002
0.6041
1.4307
0.2289
3.1064
0.0904
2.7627
1.4572
3.724
0.2237
2.065
2.5134
1.2401
1.6927
0.7692
1.2062
2.2044
2.9651
2.2211
3.4036
1.4755
3.4052
1.901
3.8939
0.8859
1.5437
3.4942
0.1029
3.1565
3.369
2.0343
3.411
1.4122
2.8543
0.9635
0.3442
1.7473
0.6008
1.5369
0.203
2.9739
2.8786
1.6176
1.6722
2.9857
3.7264
3.5651
0.2498
3.2238
0.824
1.9784
2.4919
2.7024
2.0071
0.8965
3.9004
1.0529
2.2328
1.6997
3.2794
0.6782
2.528
2.939
2.3666
3.526
0.4999
1.1916
3.0134
0.7718
2.5437
1.9845
1.0379
2.1897
0.5039
3.6119
0.583
0.3251
3.641
2.4905
1.6381
1.2255
3.9356
1.328
2.5942
2.9965
2.9442
3.2593
2.9807
2.5002
1.9143
0.3696
2.3506
3.1242
1.5381
3.6051
1.4927
0.4061
0.9011
3.1087
1.9792
3.1034
1.7606
3.1544
2.725
3.9802
2.2972
2.448
1.5074
3.9251
2.1519
2.3256
1.5677
3.0251
1.7118
0.1501
3.8271
2.607
0.0702
0.1672
1.4536
0.9708
1.3421
3.7457
2.3665
0.5484
3.7532
1.1928
1.8906
0.4491
0.6725
3.363
1.8421
1.4074
0.1194
1.0512
2.9432
0.5729
1.5645
2.1165
3.6989
3.5414
1.0769
2.3537
1.5175
3.1768
0.97
2.4328
3.435
3.3002
0.9262
0.1614
2.6441
3.4495
3.0829
2.7247
0.9697
0.0838
1.815
2.9776
1.8718
0.9321
2.9247
0.5966
1.7377
3.976
1.2392
3.8878
0.2729
2.575
0.0851
1.9559
3.0878
0.1189
